function data()
return {
	times = { 0, 41.667, 83.333, 125, 166.667, 208.333, 250, 291.667, 333.333, 375, 416.667, 458.333, 500, 541.667, 583.333, 625, 666.667, 708.333, 750, 791.667, 833.333, 875, 916.667, 958.333, 1000, 1041.667, 1083.333, 1125, 1166.667, 1208.333, 1250, 1291.667, 1333.333, 1375, 1416.667, 1458.333, 1500, 1541.667, 1583.333, 1625, 1666.667, 1708.333, 1750, 1791.667, 1833.333, 1875, 1916.667, 1958.333, 2000, 2041.667, 2083.333, 2125, 2166.667, 2208.333, 2250, 2291.667, 2333.333, 2375, 2416.667, 2458.333, 2500, 2541.667, 2583.333, 2625, 2666.667, 2708.333, 2750, 2791.667, 2833.333, 2875, 2916.667, 2958.333, 3000, 3041.667, 3083.333, 3125, 3166.667, 3208.333, 3250, 3291.667, 3333.333, 3375, 3416.667, 3458.333, 3500, 3541.667, 3583.333, 3625, 3666.667, 3708.333, 3750, 3791.667, 3833.333, 3875, 3916.667, 3958.333, 4000, 4041.667, 4083.333, 4125, 4166.667, },
	transfs = {
		{ 1, 0, 0, 0, 0, 1, 0, 0, 0, 0, 1, 0, 0, 0, 0, 1, },
		{ 0.99999958276749, 0, -0.00086315348744392, 0, 0, 1, 0, 0, 0.00086315348744392, 0, 0.99999958276749, 0, -0.020903471857309, 0, 0.0036370086017996, 1, },
		{ 0.99999850988388, 0, -0.0017263060435653, 0, 0, 1, 0, 0, 0.0017263060435653, 0, 0.99999850988388, 0, -0.041806943714619, 0, 0.0072739790193737, 1, },
		{ 0.99999660253525, 0, -0.0025894579011947, 0, 0, 1, 0, 0, 0.0025894579011947, 0, 0.99999660253525, 0, -0.062710337340832, 0, 0.010910949669778, 1, },
		{ 0.99999403953552, 0, -0.0034526069648564, 0, 0, 1, 0, 0, 0.0034526069648564, 0, 0.99999403953552, 0, -0.083613812923431, 0, 0.014547919854522, 1, },
		{ 0.99999064207077, 0, -0.0043157543987036, 0, 0, 1, 0, 0, 0.0043157543987036, 0, 0.99999064207077, 0, -0.10451728850603, 0, 0.018184928223491, 1, },
		{ 0.99997025728226, 0, -0.0077020348981023, 0, 0, 1, 0, 0, 0.0077020348981023, 0, 0.99997025728226, 0, -0.1232733130455, 0, 0.028104057535529, 1, },
		{ 0.99993848800659, 0, -0.011088225059211, 0, 0, 1, 0, 0, 0.011088225059211, 0, 0.99993848800659, 0, -0.14202934503555, 0, 0.038023184984922, 1, },
		{ 0.99989521503448, 0, -0.01447429228574, 0, 0, 1, 0, 0, 0.01447429228574, 0, 0.99989521503448, 0, -0.16078552603722, 0, 0.047942351549864, 1, },
		{ 0.99984043836594, 0, -0.017860192805529, 0, 0, 1, 0, 0, 0.017860192805529, 0, 0.99984043836594, 0, -0.17954154312611, 0, 0.057861480861902, 1, },
		{ 0.99977421760559, 0, -0.021245885640383, 0, 0, 1, 0, 0, 0.021245885640383, 0, 0.99977421760559, 0, -0.19829757511616, 0, 0.067780643701553, 1, },
		{ 0.99965733289719, 0, -0.026175515726209, 0, 0, 1, 0, 0, 0.026175515726209, 0, 0.99965733289719, 0, -0.21307235956192, 0, 0.083012156188488, 1, },
		{ 0.99951606988907, 0, -0.031104508787394, 0, 0, 1, 0, 0, 0.031104508787394, 0, 0.99951606988907, 0, -0.22784720361233, 0, 0.098243676126003, 1, },
		{ 0.99935054779053, 0, -0.036032743752003, 0, 0, 1, 0, 0, 0.036032743752003, 0, 0.99935054779053, 0, -0.24262183904648, 0, 0.11347518861294, 1, },
		{ 0.99916076660156, 0, -0.040960103273392, 0, 0, 1, 0, 0, 0.040960103273392, 0, 0.99916076660156, 0, -0.25739669799805, 0, 0.12870669364929, 1, },
		{ 0.99894666671753, 0, -0.045886468142271, 0, 0, 1, 0, 0, 0.045886468142271, 0, 0.99894666671753, 0, -0.27217146754265, 0, 0.14393821358681, 1, },
		{ 0.99864387512207, 0, -0.052061531692743, 0, 0, 1, 0, 0, 0.052061531692743, 0, 0.99864387512207, 0, -0.28151533007622, 0, 0.16298846900463, 1, },
		{ 0.99830293655396, 0, -0.058234628289938, 0, 0, 1, 0, 0, 0.058234628289938, 0, 0.99830293655396, 0, -0.29085928201675, 0, 0.18203864991665, 1, },
		{ 0.99792379140854, 0, -0.064405500888824, 0, 0, 1, 0, 0, 0.064405500888824, 0, 0.99792379140854, 0, -0.30020317435265, 0, 0.20108890533447, 1, },
		{ 0.99750655889511, 0, -0.070573873817921, 0, 0, 1, 0, 0, 0.070573873817921, 0, 0.99750655889511, 0, -0.30954712629318, 0, 0.22013908624649, 1, },
		{ 0.99705111980438, 0, -0.076739579439163, 0, 0, 1, 0, 0, 0.076739579439163, 0, 0.99705111980438, 0, -0.31889098882675, 0, 0.23918929696083, 1, },
		{ 0.99648141860962, 0, -0.083813481032848, 0, 0, 1, 0, 0, 0.083813481032848, 0, 0.99648141860962, 0, -0.3218911588192, 0, 0.26019221544266, 1, },
		{ 0.99586153030396, 0, -0.090883128345013, 0, 0, 1, 0, 0, 0.090883128345013, 0, 0.99586153030396, 0, -0.324891269207, 0, 0.28119510412216, 1, },
		{ 0.99519145488739, 0, -0.097948223352432, 0, 0, 1, 0, 0, 0.097948223352432, 0, 0.99519145488739, 0, -0.32789129018784, 0, 0.30219799280167, 1, },
		{ 0.99447125196457, 0, -0.10500837862492, 0, 0, 1, 0, 0, 0.10500837862492, 0, 0.99447125196457, 0, -0.3308914899826, 0, 0.32320088148117, 1, },
		{ 0.99370110034943, 0, -0.1120632365346, 0, 0, 1, 0, 0, 0.1120632365346, 0, 0.99370110034943, 0, -0.33389160037041, 0, 0.34420374035835, 1, },
		{ 0.99287742376328, 0, -0.11914043873549, 0, 0, 1, 0, 0, 0.11914043873549, 0, 0.99287742376328, 0, -0.33025380969048, 0, 0.365110039711, 1, },
		{ 0.992003262043, 0, -0.12621162831783, 0, 0, 1, 0, 0, 0.12621162831783, 0, 0.992003262043, 0, -0.32661604881287, 0, 0.38601642847061, 1, },
		{ 0.99107891321182, 0, -0.1332763582468, 0, 0, 1, 0, 0, 0.1332763582468, 0, 0.99107891321182, 0, -0.3229783475399, 0, 0.4069227874279, 1, },
		{ 0.99010419845581, 0, -0.14033433794975, 0, 0, 1, 0, 0, 0.14033433794975, 0, 0.99010419845581, 0, -0.31934058666229, 0, 0.42782914638519, 1, },
		{ 0.98907917737961, 0, -0.14738520979881, 0, 0, 1, 0, 0, 0.14738520979881, 0, 0.98907917737961, 0, -0.31570273637772, 0, 0.44873544573784, 1, },
		{ 0.98818969726563, 0, -0.15323524177074, 0, 0, 1, 0, 0, 0.15323524177074, 0, 0.98818969726563, 0, -0.30578202009201, 0, 0.46749269962311, 1, },
		{ 0.98726570606232, 0, -0.15907995402813, 0, 0, 1, 0, 0, 0.15907995402813, 0, 0.98726570606232, 0, -0.29586136341095, 0, 0.48624986410141, 1, },
		{ 0.98630702495575, 0, -0.16491910815239, 0, 0, 1, 0, 0, 0.16491910815239, 0, 0.98630702495575, 0, -0.28594070672989, 0, 0.50500702857971, 1, },
		{ 0.98531395196915, 0, -0.17075245082378, 0, 0, 1, 0, 0, 0.17075245082378, 0, 0.98531395196915, 0, -0.27602005004883, 0, 0.52376419305801, 1, },
		{ 0.98428630828857, 0, -0.17657981812954, 0, 0, 1, 0, 0, 0.17657981812954, 0, 0.98428630828857, 0, -0.2660993039608, 0, 0.54252147674561, 1, },
		{ 0.98333358764648, 0, -0.18181025981903, 0, 0, 1, 0, 0, 0.18181025981903, 0, 0.98333358764648, 0, -0.25086995959282, 0, 0.55729496479034, 1, },
		{ 0.98235309123993, 0, -0.18703557550907, 0, 0, 1, 0, 0, 0.18703557550907, 0, 0.98235309123993, 0, -0.235640630126, 0, 0.57206833362579, 1, },
		{ 0.98134481906891, 0, -0.19225558638573, 0, 0, 1, 0, 0, 0.19225558638573, 0, 0.98134481906891, 0, -0.22041130065918, 0, 0.58684182167053, 1, },
		{ 0.98030883073807, 0, -0.19747015833855, 0, 0, 1, 0, 0, 0.19747015833855, 0, 0.98030883073807, 0, -0.2051819562912, 0, 0.60161530971527, 1, },
		{ 0.97924518585205, 0, -0.20267914235592, 0, 0, 1, 0, 0, 0.20267914235592, 0, 0.97924518585205, 0, -0.18995253741741, 0, 0.61638879776001, 1, },
		{ 0.97859352827072, 0, -0.2058022916317, 0, 0, 1, 0, 0, 0.2058022916317, 0, 0.97859352827072, 0, -0.17090225219727, 0, 0.62573170661926, 1, },
		{ 0.977932035923, 0, -0.20892326533794, 0, 0, 1, 0, 0, 0.20892326533794, 0, 0.977932035923, 0, -0.15185187757015, 0, 0.63507455587387, 1, },
		{ 0.97726052999496, 0, -0.21204210817814, 0, 0, 1, 0, 0, 0.21204210817814, 0, 0.97726052999496, 0, -0.1328015178442, 0, 0.64441758394241, 1, },
		{ 0.97657907009125, 0, -0.21515882015228, 0, 0, 1, 0, 0, 0.21515882015228, 0, 0.97657907009125, 0, -0.11375114321709, 0, 0.65376049280167, 1, },
		{ 0.97588765621185, 0, -0.21827337145805, 0, 0, 1, 0, 0, 0.21827337145805, 0, 0.97588765621185, 0, -0.094700776040554, 0, 0.66310334205627, 1, },
		{ 0.97574156522751, 0, -0.21892541646957, 0, 0, 1, 0, 0, 0.21892541646957, 0, 0.97574156522751, 0, -0.073696136474609, 0, 0.66610306501389, 1, },
		{ 0.9755951166153, 0, -0.2195773422718, 0, 0, 1, 0, 0, 0.2195773422718, 0, 0.9755951166153, 0, -0.052691344171762, 0, 0.6691027879715, 1, },
		{ 0.97544807195663, 0, -0.22022929787636, 0, 0, 1, 0, 0, 0.22022929787636, 0, 0.97544807195663, 0, -0.031686704605818, 0, 0.67210251092911, 1, },
		{ 0.97530072927475, 0, -0.2208811044693, 0, 0, 1, 0, 0, 0.2208811044693, 0, 0.97530072927475, 0, -0.01068199146539, 0, 0.67510223388672, 1, },
		{ 0.97515285015106, 0, -0.22153274714947, 0, 0, 1, 0, 0, 0.22153274714947, 0, 0.97515285015106, 0, 0.010322723537683, 0, 0.6781017780304, 1, },
		{ 0.97539305686951, 0, -0.22047320008278, 0, 0, 1, 0, 0, 0.22047320008278, 0, 0.97539305686951, 0, 0.031227264553308, 0, 0.67446529865265, 1, },
		{ 0.97563195228577, 0, -0.21941342949867, 0, 0, 1, 0, 0, 0.21941342949867, 0, 0.97563195228577, 0, 0.052131880074739, 0, 0.67082870006561, 1, },
		{ 0.97586977481842, 0, -0.21835339069366, 0, 0, 1, 0, 0, 0.21835339069366, 0, 0.97586977481842, 0, 0.073036424815655, 0, 0.66719222068787, 1, },
		{ 0.97610634565353, 0, -0.21729308366776, 0, 0, 1, 0, 0, 0.21729308366776, 0, 0.97610634565353, 0, 0.093941040337086, 0, 0.66355556249619, 1, },
		{ 0.97634184360504, 0, -0.21623253822327, 0, 0, 1, 0, 0, 0.21623253822327, 0, 0.97634184360504, 0, 0.11484558135271, 0, 0.65991914272308, 1, },
		{ 0.97702658176422, 0, -0.21311710774899, 0, 0, 1, 0, 0, 0.21311710774899, 0, 0.97702658176422, 0, 0.13360153138638, 0, 0.64999812841415, 1, },
		{ 0.97770148515701, 0, -0.20999948680401, 0, 0, 1, 0, 0, 0.20999948680401, 0, 0.97770148515701, 0, 0.15235747396946, 0, 0.64007717370987, 1, },
		{ 0.97836637496948, 0, -0.20687973499298, 0, 0, 1, 0, 0, 0.20687973499298, 0, 0.97836637496948, 0, 0.1711134314537, 0, 0.63015633821487, 1, },
		{ 0.97902131080627, 0, -0.20375782251358, 0, 0, 1, 0, 0, 0.20375782251358, 0, 0.97902131080627, 0, 0.18986937403679, 0, 0.62023538351059, 1, },
		{ 0.97966623306274, 0, -0.20063391327858, 0, 0, 1, 0, 0, 0.20063391327858, 0, 0.97966623306274, 0, 0.20862533152103, 0, 0.6103144288063, 1, },
		{ 0.98062241077423, 0, -0.19590705633163, 0, 0, 1, 0, 0, 0.19590705633163, 0, 0.98062241077423, 0, 0.22339835762978, 0, 0.59508585929871, 1, },
		{ 0.98155587911606, 0, -0.19117558002472, 0, 0, 1, 0, 0, 0.19117558002472, 0, 0.98155587911606, 0, 0.23817130923271, 0, 0.57985734939575, 1, },
		{ 0.982466340065, 0, -0.18643967807293, 0, 0, 1, 0, 0, 0.18643967807293, 0, 0.982466340065, 0, 0.25294432044029, 0, 0.56462877988815, 1, },
		{ 0.98335409164429, 0, -0.18169941008091, 0, 0, 1, 0, 0, 0.18169941008091, 0, 0.98335409164429, 0, 0.26771727204323, 0, 0.5494002699852, 1, },
		{ 0.98421889543533, 0, -0.17695498466492, 0, 0, 1, 0, 0, 0.17695498466492, 0, 0.98421889543533, 0, 0.28249025344849, 0, 0.53417176008224, 1, },
		{ 0.98534494638443, 0, -0.1705731600523, 0, 0, 1, 0, 0, 0.1705731600523, 0, 0.98534494638443, 0, 0.29183509945869, 0, 0.51512002944946, 1, },
		{ 0.9864296913147, 0, -0.16418413817883, 0, 0, 1, 0, 0, 0.16418413817883, 0, 0.9864296913147, 0, 0.30117991566658, 0, 0.49606835842133, 1, },
		{ 0.9874729514122, 0, -0.15778824687004, 0, 0, 1, 0, 0, 0.15778824687004, 0, 0.9874729514122, 0, 0.31052473187447, 0, 0.47701662778854, 1, },
		{ 0.98847478628159, 0, -0.15138570964336, 0, 0, 1, 0, 0, 0.15138570964336, 0, 0.98847478628159, 0, 0.31986951828003, 0, 0.45796495676041, 1, },
		{ 0.98943507671356, 0, -0.14497680962086, 0, 0, 1, 0, 0, 0.14497680962086, 0, 0.98943507671356, 0, 0.32921436429024, 0, 0.43891328573227, 1, },
		{ 0.99044179916382, 0, -0.13793084025383, 0, 0, 1, 0, 0, 0.13793084025383, 0, 0.99044179916382, 0, 0.33221408724785, 0, 0.41790813207626, 1, },
		{ 0.99139845371246, 0, -0.13087782263756, 0, 0, 1, 0, 0, 0.13087782263756, 0, 0.99139845371246, 0, 0.33521381020546, 0, 0.39690294861794, 1, },
		{ 0.99230492115021, 0, -0.1238181963563, 0, 0, 1, 0, 0, 0.1238181963563, 0, 0.99230492115021, 0, 0.3382134437561, 0, 0.37589779496193, 1, },
		{ 0.99316108226776, 0, -0.11675225943327, 0, 0, 1, 0, 0, 0.11675225943327, 0, 0.99316108226776, 0, 0.34121316671371, 0, 0.35489267110825, 1, },
		{ 0.99396687746048, 0, -0.10968045145273, 0, 0, 1, 0, 0, 0.10968045145273, 0, 0.99396687746048, 0, 0.34421291947365, 0, 0.33388751745224, 1, },
		{ 0.99471145868301, 0, -0.10270901024342, 0, 0, 1, 0, 0, 0.10270901024342, 0, 0.99471145868301, 0, 0.34057635068893, 0, 0.31298512220383, 1, },
		{ 0.99540704488754, 0, -0.095732480287552, 0, 0, 1, 0, 0, 0.095732480287552, 0, 0.99540704488754, 0, 0.33693987131119, 0, 0.29208278656006, 1, },
		{ 0.99605375528336, 0, -0.08875123411417, 0, 0, 1, 0, 0, 0.08875123411417, 0, 0.99605375528336, 0, 0.33330336213112, 0, 0.27118036150932, 1, },
		{ 0.99665158987045, 0, -0.081765629351139, 0, 0, 1, 0, 0, 0.081765629351139, 0, 0.99665158987045, 0, 0.32966688275337, 0, 0.25027805566788, 1, },
		{ 0.99720031023026, 0, -0.074776023626328, 0, 0, 1, 0, 0, 0.074776023626328, 0, 0.99720031023026, 0, 0.32603034377098, 0, 0.2293756455183, 1, },
		{ 0.99763691425323, 0, -0.068706326186657, 0, 0, 1, 0, 0, 0.068706326186657, 0, 0.99763691425323, 0, 0.31610959768295, 0, 0.21061706542969, 1, },
		{ 0.99803656339645, 0, -0.06263405829668, 0, 0, 1, 0, 0, 0.06263405829668, 0, 0.99803656339645, 0, 0.30618885159492, 0, 0.19185851514339, 1, },
		{ 0.99839919805527, 0, -0.056559480726719, 0, 0, 1, 0, 0, 0.056559480726719, 0, 0.99839919805527, 0, 0.2962681055069, 0, 0.17309993505478, 1, },
		{ 0.99872487783432, 0, -0.050482798367739, 0, 0, 1, 0, 0, 0.050482798367739, 0, 0.99872487783432, 0, 0.28634735941887, 0, 0.15434138476849, 1, },
		{ 0.99901360273361, 0, -0.0444042570889, 0, 0, 1, 0, 0, 0.0444042570889, 0, 0.99901360273361, 0, 0.27642664313316, 0, 0.13558280467987, 1, },
		{ 0.99923247098923, 0, -0.039170887321234, 0, 0, 1, 0, 0, 0.039170887321234, 0, 0.99923247098923, 0, 0.26119577884674, 0, 0.12081123143435, 1, },
		{ 0.99942398071289, 0, -0.033936429768801, 0, 0, 1, 0, 0, 0.033936429768801, 0, 0.99942398071289, 0, 0.2459649592638, 0, 0.10603965818882, 1, },
		{ 0.99958795309067, 0, -0.028701053932309, 0, 0, 1, 0, 0, 0.028701053932309, 0, 0.99958795309067, 0, 0.23073416948318, 0, 0.091268114745617, 1, },
		{ 0.99972468614578, 0, -0.023464880883694, 0, 0, 1, 0, 0, 0.023464880883694, 0, 0.99972468614578, 0, 0.21550337970257, 0, 0.076496541500092, 1, },
		{ 0.99983382225037, 0, -0.018228061497211, 0, 0, 1, 0, 0, 0.018228061497211, 0, 0.99983382225037, 0, 0.20027251541615, 0, 0.061724968254566, 1, },
		{ 0.99988532066345, 0, -0.015142828226089, 0, 0, 1, 0, 0, 0.015142828226089, 0, 0.99988532066345, 0, 0.18122375011444, 0, 0.052382010966539, 1, },
		{ 0.99992722272873, 0, -0.012057445012033, 0, 0, 1, 0, 0, 0.012057445012033, 0, 0.99992722272873, 0, 0.16217505931854, 0, 0.043039053678513, 1, },
		{ 0.99995976686478, 0, -0.0089719463139772, 0, 0, 1, 0, 0, 0.0089719463139772, 0, 0.99995976686478, 0, 0.14312621951103, 0, 0.033696096390486, 1, },
		{ 0.99998265504837, 0, -0.0058863628655672, 0, 0, 1, 0, 0, 0.0058863628655672, 0, 0.99998265504837, 0, 0.12407745420933, 0, 0.024353180080652, 1, },
		{ 0.99999606609344, 0, -0.0028007242362946, 0, 0, 1, 0, 0, 0.0028007242362946, 0, 0.99999606609344, 0, 0.10502868145704, 0, 0.0150101846084, 1, },
		{ 0.99999743700027, 0, -0.0022405802737921, 0, 0, 1, 0, 0, 0.0022405802737921, 0, 0.99999743700027, 0, 0.084022976458073, 0, 0.01200813241303, 1, },
		{ 0.99999856948853, 0, -0.0016804357292131, 0, 0, 1, 0, 0, 0.0016804357292131, 0, 0.99999856948853, 0, 0.063017196953297, 0, 0.009006118401885, 1, },
		{ 0.99999934434891, 0, -0.0011202906025574, 0, 0, 1, 0, 0, 0.0011202906025574, 0, 0.99999934434891, 0, 0.042011566460133, 0, 0.0060040662065148, 1, },
		{ 0.99999976158142, 0, -0.00056014553410932, 0, 0, 1, 0, 0, 0.00056014553410932, 0, 0.99999976158142, 0, 0.021005783230066, 0, 0.0030020521953702, 1, },
		{ 1, 0, 0, 0, 0, 1, 0, 0, 0, 0, 1, 0, 0, 0, 0, 1, },
	},
}
end
