function data()
return {
	times = { 0, 41.667, 83.333, 125, 166.667, 208.333, 250, 291.667, 333.333, 375, 416.667, 458.333, 500, 541.667, 583.333, 625, 666.667, 708.333, 750, 791.667, 833.333, 875, 916.667, 958.333, 1000, 1041.667, 1083.333, 1125, 1166.667, 1208.333, 1250, 1291.667, 1333.333, 1375, 1416.667, 1458.333, 1500, 1541.667, 1583.333, 1625, 1666.667, 1708.333, 1750, 1791.667, 1833.333, 1875, 1916.667, 1958.333, 2000, 2041.667, 2083.333, 2125, 2166.667, 2208.333, 2250, 2291.667, 2333.333, 2375, 2416.667, 2458.333, 2500, 2541.667, 2583.333, 2625, 2666.667, 2708.333, 2750, 2791.667, 2833.333, 2875, 2916.667, 2958.333, 3000, 3041.667, 3083.333, 3125, 3166.667, 3208.333, 3250, 3291.667, 3333.333, 3375, 3416.667, 3458.333, 3500, 3541.667, 3583.333, 3625, 3666.667, 3708.333, 3750, 3791.667, 3833.333, 3875, 3916.667, 3958.333, 4000, 4041.667, 4083.333, 4125, 4166.667, },
	transfs = {
		{ 1, 0, 0, 0, 0, 1, 0, 0, 0, 0, 1, 0, 0, 0, 0, 1, },
		{ 0.99999940395355, 0, 0.0010489276610315, 0, 0, 1, 0, 0, -0.0010489276610315, 0, 0.99999940395355, 0, 0.020821303129196, 0, -0.0035699461586773, 1, },
		{ 0.9999977350235, 0, 0.0020978534594178, 0, 0, 1, 0, 0, -0.0020978534594178, 0, 0.9999977350235, 0, 0.041642531752586, 0, -0.0071398923173547, 1, },
		{ 0.99999505281448, 0, 0.0031467780936509, 0, 0, 1, 0, 0, -0.0031467780936509, 0, 0.99999505281448, 0, 0.062463913112879, 0, -0.010709838941693, 1, },
		{ 0.99999111890793, 0, 0.0041956990025938, 0, 0, 1, 0, 0, -0.0041956990025938, 0, 0.99999111890793, 0, 0.083285138010979, 0, -0.014279784634709, 1, },
		{ 0.99998617172241, 0, 0.0052446140907705, 0, 0, 1, 0, 0, -0.0052446140907705, 0, 0.99998617172241, 0, 0.10410644114017, 0, -0.017849730327725, 1, },
		{ 0.9999617934227, 0, 0.0087400078773499, 0, 0, 1, 0, 0, -0.0087400078773499, 0, 0.9999617934227, 0, 0.12280639261007, 0, -0.027677612379193, 1, },
		{ 0.99992507696152, 0, 0.012235292233527, 0, 0, 1, 0, 0, -0.012235292233527, 0, 0.99992507696152, 0, 0.14150634407997, 0, -0.037505492568016, 1, },
		{ 0.9998762011528, 0, 0.015730431303382, 0, 0, 1, 0, 0, -0.015730431303382, 0, 0.9998762011528, 0, 0.16020628809929, 0, -0.047333374619484, 1, },
		{ 0.99981510639191, 0, 0.019225368276238, 0, 0, 1, 0, 0, -0.019225368276238, 0, 0.99981510639191, 0, 0.17890624701977, 0, -0.057161252945662, 1, },
		{ 0.99974179267883, 0, 0.022720081731677, 0, 0, 1, 0, 0, -0.022720081731677, 0, 0.99974179267883, 0, 0.19760619103909, 0, -0.066989056766033, 1, },
		{ 0.999631524086, 0, 0.027141559869051, 0, 0, 1, 0, 0, -0.027141559869051, 0, 0.999631524086, 0, 0.21235267817974, 0, -0.082114100456238, 1, },
		{ 0.99950170516968, 0, 0.031562507152557, 0, 0, 1, 0, 0, -0.031562507152557, 0, 0.99950170516968, 0, 0.22709915041924, 0, -0.097239069640636, 1, },
		{ 0.99935233592987, 0, 0.035982843488455, 0, 0, 1, 0, 0, -0.035982843488455, 0, 0.99935233592987, 0, 0.24184554815292, 0, -0.11236412078142, 1, },
		{ 0.99918347597122, 0, 0.040402460843325, 0, 0, 1, 0, 0, -0.040402460843325, 0, 0.99918347597122, 0, 0.2565920650959, 0, -0.12748908996582, 1, },
		{ 0.99899500608444, 0, 0.044821303337812, 0, 0, 1, 0, 0, -0.044821303337812, 0, 0.99899500608444, 0, 0.27133846282959, 0, -0.14261412620544, 1, },
		{ 0.99868589639664, 0, 0.051248986274004, 0, 0, 1, 0, 0, -0.051248986274004, 0, 0.99868589639664, 0, 0.28069061040878, 0, -0.16155631840229, 1, },
		{ 0.99833542108536, 0, 0.057674571871758, 0, 0, 1, 0, 0, -0.057674571871758, 0, 0.99833542108536, 0, 0.29004275798798, 0, -0.18049849569798, 1, },
		{ 0.99794363975525, 0, 0.064097754657269, 0, 0, 1, 0, 0, -0.064097754657269, 0, 0.99794363975525, 0, 0.29939487576485, 0, -0.19944068789482, 1, },
		{ 0.99751043319702, 0, 0.070518292486668, 0, 0, 1, 0, 0, -0.070518292486668, 0, 0.99751043319702, 0, 0.30874702334404, 0, -0.21838286519051, 1, },
		{ 0.99703603982925, 0, 0.076935917139053, 0, 0, 1, 0, 0, -0.076935917139053, 0, 0.99703603982925, 0, 0.31809914112091, 0, -0.23732505738735, 1, },
		{ 0.99649822711945, 0, 0.083613559603691, 0, 0, 1, 0, 0, -0.083613559603691, 0, 0.99649822711945, 0, 0.32114109396935, 0, -0.25823232531548, 1, },
		{ 0.9959157705307, 0, 0.090287424623966, 0, 0, 1, 0, 0, -0.090287424623966, 0, 0.9959157705307, 0, 0.32418298721313, 0, -0.27913969755173, 1, },
		{ 0.99528849124908, 0, 0.09695728123188, 0, 0, 1, 0, 0, -0.09695728123188, 0, 0.99528849124908, 0, 0.32722499966621, 0, -0.30004698038101, 1, },
		{ 0.99461662769318, 0, 0.10362276434898, 0, 0, 1, 0, 0, -0.10362276434898, 0, 0.99461662769318, 0, 0.33026689291, 0, -0.32095435261726, 1, },
		{ 0.99390017986298, 0, 0.11028358340263, 0, 0, 1, 0, 0, -0.11028358340263, 0, 0.99390017986298, 0, 0.33330881595612, 0, -0.34186172485352, 1, },
		{ 0.9931349158287, 0, 0.11697413772345, 0, 0, 1, 0, 0, -0.11697413772345, 0, 0.9931349158287, 0, 0.32973855733871, 0, -0.36268386244774, 1, },
		{ 0.99232465028763, 0, 0.12365937978029, 0, 0, 1, 0, 0, -0.12365937978029, 0, 0.99232465028763, 0, 0.32616832852364, 0, -0.38350594043732, 1, },
		{ 0.99146944284439, 0, 0.13033901154995, 0, 0, 1, 0, 0, -0.13033901154995, 0, 0.99146944284439, 0, 0.32259804010391, 0, -0.40432810783386, 1, },
		{ 0.99056929349899, 0, 0.13701269030571, 0, 0, 1, 0, 0, -0.13701269030571, 0, 0.99056929349899, 0, 0.31902778148651, 0, -0.42515021562576, 1, },
		{ 0.98962414264679, 0, 0.14368024468422, 0, 0, 1, 0, 0, -0.14368024468422, 0, 0.98962414264679, 0, 0.31545752286911, 0, -0.44597238302231, 1, },
		{ 0.98855412006378, 0, 0.15086683630943, 0, 0, 1, 0, 0, -0.15086683630943, 0, 0.98855412006378, 0, 0.30562904477119, 0, -0.4646732211113, 1, },
		{ 0.98743176460266, 0, 0.15804556012154, 0, 0, 1, 0, 0, -0.15804556012154, 0, 0.98743176460266, 0, 0.29580050706863, 0, -0.48337411880493, 1, },
		{ 0.98625737428665, 0, 0.16521590948105, 0, 0, 1, 0, 0, -0.16521590948105, 0, 0.98625737428665, 0, 0.28597202897072, 0, -0.50207495689392, 1, },
		{ 0.98503094911575, 0, 0.17237751185894, 0, 0, 1, 0, 0, -0.17237751185894, 0, 0.98503094911575, 0, 0.27614349126816, 0, -0.52077579498291, 1, },
		{ 0.98375248908997, 0, 0.17953005433083, 0, 0, 1, 0, 0, -0.17953005433083, 0, 0.98375248908997, 0, 0.26631498336792, 0, -0.53947669267654, 1, },
		{ 0.98292779922485, 0, 0.18399173021317, 0, 0, 1, 0, 0, -0.18399173021317, 0, 0.98292779922485, 0, 0.25119015574455, 0, -0.5542226433754, 1, },
		{ 0.98208284378052, 0, 0.18844962120056, 0, 0, 1, 0, 0, -0.18844962120056, 0, 0.98208284378052, 0, 0.2360652089119, 0, -0.56896859407425, 1, },
		{ 0.98121762275696, 0, 0.19290365278721, 0, 0, 1, 0, 0, -0.19290365278721, 0, 0.98121762275696, 0, 0.22094039618969, 0, -0.5837145447731, 1, },
		{ 0.98033231496811, 0, 0.19735370576382, 0, 0, 1, 0, 0, -0.19735370576382, 0, 0.98033231496811, 0, 0.20581541955471, 0, -0.5984605550766, 1, },
		{ 0.97942680120468, 0, 0.20179969072342, 0, 0, 1, 0, 0, -0.20179969072342, 0, 0.97942680120468, 0, 0.1906906068325, 0, -0.61320644617081, 1, },
		{ 0.97870689630508, 0, 0.20526267588139, 0, 0, 1, 0, 0, -0.20526267588139, 0, 0.97870689630508, 0, 0.1717462092638, 0, -0.62255704402924, 1, },
		{ 0.97797477245331, 0, 0.20872312784195, 0, 0, 1, 0, 0, -0.20872312784195, 0, 0.97797477245331, 0, 0.15280173718929, 0, -0.63190764188766, 1, },
		{ 0.97723037004471, 0, 0.21218098700047, 0, 0, 1, 0, 0, -0.21218098700047, 0, 0.97723037004471, 0, 0.13385733962059, 0, -0.64125823974609, 1, },
		{ 0.97647374868393, 0, 0.21563623845577, 0, 0, 1, 0, 0, -0.21563623845577, 0, 0.97647374868393, 0, 0.11491294950247, 0, -0.65060883760452, 1, },
		{ 0.97570490837097, 0, 0.2190887182951, 0, 0, 1, 0, 0, -0.2190887182951, 0, 0.97570490837097, 0, 0.095968551933765, 0, -0.65995937585831, 1, },
		{ 0.97553515434265, 0, 0.21984358131886, 0, 0, 1, 0, 0, -0.21984358131886, 0, 0.97553515434265, 0, 0.075065687298775, 0, -0.66299951076508, 1, },
		{ 0.97536474466324, 0, 0.22059836983681, 0, 0, 1, 0, 0, -0.22059836983681, 0, 0.97536474466324, 0, 0.054162826389074, 0, -0.6660395860672, 1, },
		{ 0.97519373893738, 0, 0.22135302424431, 0, 0, 1, 0, 0, -0.22135302424431, 0, 0.97519373893738, 0, 0.033259961754084, 0, -0.66907972097397, 1, },
		{ 0.97502219676971, 0, 0.22210751473904, 0, 0, 1, 0, 0, -0.22210751473904, 0, 0.97502219676971, 0, 0.012357100844383, 0, -0.67211973667145, 1, },
		{ 0.97484999895096, 0, 0.22286193072796, 0, 0, 1, 0, 0, -0.22286193072796, 0, 0.97484999895096, 0, -0.0085457609966397, 0, -0.67515987157822, 1, },
		{ 0.97513508796692, 0, 0.22161135077477, 0, 0, 1, 0, 0, -0.22161135077477, 0, 0.97513508796692, 0, -0.029371490702033, 0, -0.6715914607048, 1, },
		{ 0.97541844844818, 0, 0.22036047279835, 0, 0, 1, 0, 0, -0.22036047279835, 0, 0.97541844844818, 0, -0.050197217613459, 0, -0.66802304983139, 1, },
		{ 0.97570025920868, 0, 0.21910925209522, 0, 0, 1, 0, 0, -0.21910925209522, 0, 0.97570025920868, 0, -0.07102295011282, 0, -0.66445463895798, 1, },
		{ 0.97598052024841, 0, 0.21785758435726, 0, 0, 1, 0, 0, -0.21785758435726, 0, 0.97598052024841, 0, -0.09184867888689, 0, -0.66088628768921, 1, },
		{ 0.97625917196274, 0, 0.21660563349724, 0, 0, 1, 0, 0, -0.21660563349724, 0, 0.97625917196274, 0, -0.11267440766096, 0, -0.65731793642044, 1, },
		{ 0.97691255807877, 0, 0.21363922953606, 0, 0, 1, 0, 0, -0.21363922953606, 0, 0.97691255807877, 0, -0.13137091696262, 0, -0.64748954772949, 1, },
		{ 0.97755706310272, 0, 0.21067084372044, 0, 0, 1, 0, 0, -0.21067084372044, 0, 0.97755706310272, 0, -0.15006752312183, 0, -0.63766115903854, 1, },
		{ 0.97819238901138, 0, 0.20770055055618, 0, 0, 1, 0, 0, -0.20770055055618, 0, 0.97819238901138, 0, -0.16876403987408, 0, -0.6278327703476, 1, },
		{ 0.97881883382797, 0, 0.20472830533981, 0, 0, 1, 0, 0, -0.20472830533981, 0, 0.97881883382797, 0, -0.18746055662632, 0, -0.61800438165665, 1, },
		{ 0.97943609952927, 0, 0.20175419747829, 0, 0, 1, 0, 0, -0.20175419747829, 0, 0.97943609952927, 0, -0.20615714788437, 0, -0.6081759929657, 1, },
		{ 0.9804659485817, 0, 0.19668869674206, 0, 0, 1, 0, 0, -0.19668869674206, 0, 0.9804659485817, 0, -0.2209060639143, 0, -0.59305077791214, 1, },
		{ 0.98146963119507, 0, 0.19161789119244, 0, 0, 1, 0, 0, -0.19161789119244, 0, 0.98146963119507, 0, -0.23565490543842, 0, -0.57792562246323, 1, },
		{ 0.98244696855545, 0, 0.18654201924801, 0, 0, 1, 0, 0, -0.18654201924801, 0, 0.98244696855545, 0, -0.25040382146835, 0, -0.56280040740967, 1, },
		{ 0.98339813947678, 0, 0.18146112561226, 0, 0, 1, 0, 0, -0.18146112561226, 0, 0.98339813947678, 0, -0.26515257358551, 0, -0.54767519235611, 1, },
		{ 0.98432290554047, 0, 0.17637538909912, 0, 0, 1, 0, 0, -0.17637538909912, 0, 0.98432290554047, 0, -0.27990156412125, 0, -0.5325500369072, 1, },
		{ 0.98538333177567, 0, 0.17035119235516, 0, 0, 1, 0, 0, -0.17035119235516, 0, 0.98538333177567, 0, -0.28925314545631, 0, -0.51360511779785, 1, },
		{ 0.98640692234039, 0, 0.16432055830956, 0, 0, 1, 0, 0, -0.16432055830956, 0, 0.98640692234039, 0, -0.29860466718674, 0, -0.49466022849083, 1, },
		{ 0.98739367723465, 0, 0.15828382968903, 0, 0, 1, 0, 0, -0.15828382968903, 0, 0.98739367723465, 0, -0.30795621871948, 0, -0.47571536898613, 1, },
		{ 0.98834335803986, 0, 0.15224114060402, 0, 0, 1, 0, 0, -0.15224114060402, 0, 0.98834335803986, 0, -0.31730774044991, 0, -0.45677050948143, 1, },
		{ 0.98925614356995, 0, 0.14619280397892, 0, 0, 1, 0, 0, -0.14619280397892, 0, 0.98925614356995, 0, -0.32665938138962, 0, -0.43782556056976, 1, },
		{ 0.99026131629944, 0, 0.13922114670277, 0, 0, 1, 0, 0, -0.13922114670277, 0, 0.99026131629944, 0, -0.32969871163368, 0, -0.41692152619362, 1, },
		{ 0.99121731519699, 0, 0.13224266469479, 0, 0, 1, 0, 0, -0.13224266469479, 0, 0.99121731519699, 0, -0.33273810148239, 0, -0.39601746201515, 1, },
		{ 0.99212425947189, 0, 0.12525759637356, 0, 0, 1, 0, 0, -0.12525759637356, 0, 0.99212425947189, 0, -0.33577734231949, 0, -0.37511342763901, 1, },
		{ 0.99298191070557, 0, 0.11826629191637, 0, 0, 1, 0, 0, -0.11826629191637, 0, 0.99298191070557, 0, -0.33881667256355, 0, -0.35420936346054, 1, },
		{ 0.99379026889801, 0, 0.11126914620399, 0, 0, 1, 0, 0, -0.11126914620399, 0, 0.99379026889801, 0, -0.34185606241226, 0, -0.33330535888672, 1, },
		{ 0.99455726146698, 0, 0.10419116914272, 0, 0, 1, 0, 0, -0.10419116914272, 0, 0.99455726146698, 0, -0.3382813334465, 0, -0.31248664855957, 1, },
		{ 0.99527388811111, 0, 0.097107894718647, 0, 0, 1, 0, 0, -0.097107894718647, 0, 0.99527388811111, 0, -0.33470672369003, 0, -0.29166799783707, 1, },
		{ 0.99593997001648, 0, 0.090019702911377, 0, 0, 1, 0, 0, -0.090019702911377, 0, 0.99593997001648, 0, -0.33113196492195, 0, -0.27084928750992, 1, },
		{ 0.99655556678772, 0, 0.082926914095879, 0, 0, 1, 0, 0, -0.082926914095879, 0, 0.99655556678772, 0, -0.32755735516548, 0, -0.25003066658974, 1, },
		{ 0.99712067842484, 0, 0.075829982757568, 0, 0, 1, 0, 0, -0.075829982757568, 0, 0.99712067842484, 0, -0.32398262619972, 0, -0.22921203076839, 1, },
		{ 0.99755859375, 0, 0.069834373891354, 0, 0, 1, 0, 0, -0.069834373891354, 0, 0.99755859375, 0, -0.31416028738022, 0, -0.21050979197025, 1, },
		{ 0.99796038866043, 0, 0.063836261630058, 0, 0, 1, 0, 0, -0.063836261630058, 0, 0.99796038866043, 0, -0.30433797836304, 0, -0.19180762767792, 1, },
		{ 0.99832612276077, 0, 0.057835824787617, 0, 0, 1, 0, 0, -0.057835824787617, 0, 0.99832612276077, 0, -0.29451566934586, 0, -0.17310546338558, 1, },
		{ 0.99865567684174, 0, 0.051833309233189, 0, 0, 1, 0, 0, -0.051833309233189, 0, 0.99865567684174, 0, -0.28469336032867, 0, -0.15440329909325, 1, },
		{ 0.9989492893219, 0, 0.045828938484192, 0, 0, 1, 0, 0, -0.045828938484192, 0, 0.9989492893219, 0, -0.27487105131149, 0, -0.1357010602951, 1, },
		{ 0.99916636943817, 0, 0.040823049843311, 0, 0, 1, 0, 0, -0.040823049843311, 0, 0.99916636943817, 0, -0.2597453892231, 0, -0.12095183879137, 1, },
		{ 0.99935841560364, 0, 0.035816166549921, 0, 0, 1, 0, 0, -0.035816166549921, 0, 0.99935841560364, 0, -0.24461966753006, 0, -0.10620269179344, 1, },
		{ 0.99952530860901, 0, 0.030808368697762, 0, 0, 1, 0, 0, -0.030808368697762, 0, 0.99952530860901, 0, -0.22949402034283, 0, -0.091453470289707, 1, },
		{ 0.99966710805893, 0, 0.025799803435802, 0, 0, 1, 0, 0, -0.025799803435802, 0, 0.99966710805893, 0, -0.21436828374863, 0, -0.076704248785973, 1, },
		{ 0.9997838139534, 0, 0.020790588110685, 0, 0, 1, 0, 0, -0.020790588110685, 0, 0.9997838139534, 0, -0.19924262166023, 0, -0.061955031007528, 1, },
		{ 0.99984240531921, 0, 0.017752340063453, 0, 0, 1, 0, 0, -0.017752340063453, 0, 0.99984240531921, 0, -0.18029883503914, 0, -0.052604138851166, 1, },
		{ 0.99989175796509, 0, 0.014713927172124, 0, 0, 1, 0, 0, -0.014713927172124, 0, 0.99989175796509, 0, -0.16135497391224, 0, -0.043253172188997, 1, },
		{ 0.99993181228638, 0, 0.011675380170345, 0, 0, 1, 0, 0, -0.011675380170345, 0, 0.99993181228638, 0, -0.14241103827953, 0, -0.033902131021023, 1, },
		{ 0.99996262788773, 0, 0.008636724203825, 0, 0, 1, 0, 0, -0.008636724203825, 0, 0.99996262788773, 0, -0.12346725165844, 0, -0.02455123886466, 1, },
		{ 0.99998432397842, 0, 0.0055979886092246, 0, 0, 1, 0, 0, -0.0055979886092246, 0, 0.99998432397842, 0, -0.10452339053154, 0, -0.015200194902718, 1, },
		{ 0.99998992681503, 0, 0.0044783991761506, 0, 0, 1, 0, 0, -0.0044783991761506, 0, 0.99998992681503, 0, -0.083618775010109, 0, -0.012160186655819, 1, },
		{ 0.9999942779541, 0, 0.0033588043879718, 0, 0, 1, 0, 0, -0.0033588043879718, 0, 0.9999942779541, 0, -0.062714003026485, 0, -0.0091201020404696, 1, },
		{ 0.99999743700027, 0, 0.0022392049431801, 0, 0, 1, 0, 0, -0.0022392049431801, 0, 0.99999743700027, 0, -0.041809387505054, 0, -0.0060800933279097, 1, },
		{ 0.99999934434891, 0, 0.001119603170082, 0, 0, 1, 0, 0, -0.001119603170082, 0, 0.99999934434891, 0, -0.020904617384076, 0, -0.0030400084797293, 1, },
		{ 1, 0, 0, 0, 0, 1, 0, 0, 0, 0, 1, 0, 0, 0, 0, 1, },
	},
}
end
