function data()
return {
	times = { 0, 41.667, 83.333, 125, 166.667, 208.333, 250, 291.667, 333.333, 375, 416.667, 458.333, 500, 541.667, 583.333, 625, 666.667, 708.333, 750, 791.667, 833.333, 875, 916.667, 958.333, 1000, 1041.667, 1083.333, 1125, 1166.667, 1208.333, 1250, 1291.667, 1333.333, 1375, 1416.667, 1458.333, 1500, 1541.667, 1583.333, 1625, 1666.667, 1708.333, 1750, 1791.667, 1833.333, 1875, 1916.667, 1958.333, 2000, 2041.667, 2083.333, 2125, 2166.667, 2208.333, 2250, 2291.667, 2333.333, 2375, 2416.667, 2458.333, 2500, 2541.667, 2583.333, 2625, 2666.667, 2708.333, 2750, 2791.667, 2833.333, 2875, 2916.667, 2958.333, 3000, 3041.667, 3083.333, 3125, 3166.667, 3208.333, 3250, 3291.667, 3333.333, 3375, 3416.667, 3458.333, 3500, 3541.667, 3583.333, 3625, 3666.667, 3708.333, 3750, 3791.667, 3833.333, 3875, 3916.667, 3958.333, 4000, 4041.667, 4083.333, 4125, 4166.667, },
	transfs = {
		{ 1.0000001192093, 0, 0, 0, 0, 1, 0, 0, 0, 0, 1.0000001192093, 0, 0, 7.6293943607197e-08, 3.8146971803599e-08, 1, },
		{ 0.99999922513962, 0, -0.001255355658941, 0, 0, 1, 0, 0, 0.001255355658941, 0, 0.99999922513962, 0, -0.020216217264533, 7.6293943607197e-08, 0.0058061596937478, 1, },
		{ 0.99999690055847, 0, -0.0025107187684625, 0, 0, 1, 0, 0, 0.0025107187684625, 0, 0.99999690055847, 0, -0.040432509034872, 7.6293943607197e-08, 0.011612243019044, 1, },
		{ 0.99999290704727, 0, -0.0037660596426576, 0, 0, 1, 0, 0, 0.0037660596426576, 0, 0.99999290704727, 0, -0.060648802667856, 7.6293943607197e-08, 0.01741836592555, 1, },
		{ 0.99998742341995, 0, -0.0050213928334415, 0, 0, 1, 0, 0, 0.0050213928334415, 0, 0.99998742341995, 0, -0.080865018069744, 7.6293943607197e-08, 0.023224486038089, 1, },
		{ 0.99998033046722, 0, -0.0062767560593784, 0, 0, 1, 0, 0, 0.0062767560593784, 0, 0.99998033046722, 0, -0.10108131170273, 7.6293943607197e-08, 0.029030608013272, 1, },
		{ 0.99995303153992, 0, -0.0096840485930443, 0, 0, 1, 0, 0, 0.0096840485930443, 0, 0.99995303153992, 0, -0.11885841190815, 7.6293943607197e-08, 0.04125614091754, 1, },
		{ 0.99991428852081, 0, -0.013091236352921, 0, 0, 1, 0, 0, 0.013091236352921, 0, 0.99991428852081, 0, -0.13663551211357, 7.6293943607197e-08, 0.053481634706259, 1, },
		{ 0.99986392259598, 0, -0.016498245298862, 0, 0, 1, 0, 0, 0.016498245298862, 0, 0.99986392259598, 0, -0.15441261231899, 7.6293943607197e-08, 0.065707132220268, 1, },
		{ 0.99980187416077, 0, -0.019905105233192, 0, 0, 1, 0, 0, 0.019905105233192, 0, 0.99980187416077, 0, -0.17218978703022, 7.6293943607197e-08, 0.077932626008987, 1, },
		{ 0.99972820281982, 0, -0.023311711847782, 0, 0, 1, 0, 0, 0.023311711847782, 0, 0.99972820281982, 0, -0.18996681272984, 7.6293943607197e-08, 0.09015815705061, 1, },
		{ 0.99959856271744, 0, -0.028331488370895, 0, 0, 1, 0, 0, 0.028331488370895, 0, 0.99959856271744, 0, -0.20265762507915, 7.6293943607197e-08, 0.106724396348, 1, },
		{ 0.99944376945496, 0, -0.03335052728653, 0, 0, 1, 0, 0, 0.03335052728653, 0, 0.99944376945496, 0, -0.2153482735157, 7.6293943607197e-08, 0.12329062819481, 1, },
		{ 0.99926364421844, 0, -0.038368739187717, 0, 0, 1, 0, 0, 0.038368739187717, 0, 0.99926364421844, 0, -0.22803908586502, 7.6293943607197e-08, 0.1398569047451, 1, },
		{ 0.99905830621719, 0, -0.043385982513428, 0, 0, 1, 0, 0, 0.043385982513428, 0, 0.99905830621719, 0, -0.24072982370853, 7.6293943607197e-08, 0.15642310678959, 1, },
		{ 0.99882793426514, 0, -0.048402115702629, 0, 0, 1, 0, 0, 0.048402115702629, 0, 0.99882793426514, 0, -0.25342056155205, 7.6293943607197e-08, 0.1729893386364, 1, },
		{ 0.99851423501968, 0, -0.054491505026817, 0, 0, 1, 0, 0, 0.054491505026817, 0, 0.99851423501968, 0, -0.26054403185844, 7.6293943607197e-08, 0.19287960231304, 1, },
		{ 0.99816340208054, 0, -0.060578849166632, 0, 0, 1, 0, 0, 0.060578849166632, 0, 0.99816340208054, 0, -0.26766762137413, 7.6293943607197e-08, 0.21276985108852, 1, },
		{ 0.99777549505234, 0, -0.066663950681686, 0, 0, 1, 0, 0, 0.066663950681686, 0, 0.99777549505234, 0, -0.27479133009911, 7.6293943607197e-08, 0.23265998065472, 1, },
		{ 0.99735045433044, 0, -0.072746589779854, 0, 0, 1, 0, 0, 0.072746589779854, 0, 0.99735045433044, 0, -0.28191483020782, 7.6293943607197e-08, 0.25255027413368, 1, },
		{ 0.9968883395195, 0, -0.078826516866684, 0, 0, 1, 0, 0, 0.078826516866684, 0, 0.9968883395195, 0, -0.28903838992119, 7.6293943607197e-08, 0.27244049310684, 1, },
		{ 0.99630469083786, 0, -0.085889630019665, 0, 0, 1, 0, 0, 0.085889630019665, 0, 0.99630469083786, 0, -0.28979003429413, 7.6293943607197e-08, 0.29366028308868, 1, },
		{ 0.99567091464996, 0, -0.09294842928648, 0, 0, 1, 0, 0, 0.09294842928648, 0, 0.99567091464996, 0, -0.29054161906242, 7.6293943607197e-08, 0.31487998366356, 1, },
		{ 0.9949871301651, 0, -0.10000255703926, 0, 0, 1, 0, 0, 0.10000255703926, 0, 0.9949871301651, 0, -0.29129341244698, 7.6293943607197e-08, 0.33609968423843, 1, },
		{ 0.9942535161972, 0, -0.10705166310072, 0, 0, 1, 0, 0, 0.10705166310072, 0, 0.9942535161972, 0, -0.2920449078083, 7.6293943607197e-08, 0.35731956362724, 1, },
		{ 0.99346989393234, 0, -0.11409539729357, 0, 0, 1, 0, 0, 0.11409539729357, 0, 0.99346989393234, 0, -0.29279661178589, 7.6293943607197e-08, 0.37853926420212, 1, },
		{ 0.9926552772522, 0, -0.12097708135843, 0, 0, 1, 0, 0, 0.12097708135843, 0, 0.9926552772522, 0, -0.28709480166435, 7.6293943607197e-08, 0.3985752761364, 1, },
		{ 0.99179315567017, 0, -0.12785296142101, 0, 0, 1, 0, 0, 0.12785296142101, 0, 0.99179315567017, 0, -0.28139296174049, 7.6293943607197e-08, 0.41861137747765, 1, },
		{ 0.99088335037231, 0, -0.13472267985344, 0, 0, 1, 0, 0, 0.13472267985344, 0, 0.99088335037231, 0, -0.27569106221199, 7.6293943607197e-08, 0.43864721059799, 1, },
		{ 0.98993861675262, 0, -0.14149767160416, 0, 0, 1, 0, 0, 0.14149767160416, 0, 0.98993861675262, 0, -0.26998916268349, 7.6293943607197e-08, 0.45868331193924, 1, },
		{ 0.9889475107193, 0, -0.14826607704163, 0, 0, 1, 0, 0, 0.14826607704163, 0, 0.9889475107193, 0, -0.26428732275963, 7.6293943607197e-08, 0.47871938347816, 1, },
		{ 0.98813444375992, 0, -0.15359151363373, 0, 0, 1, 0, 0, 0.15359151363373, 0, 0.98813444375992, 0, -0.25223404169083, 7.6293943607197e-08, 0.49637794494629, 1, },
		{ 0.98729264736176, 0, -0.15891247987747, 0, 0, 1, 0, 0, 0.15891247987747, 0, 0.98729264736176, 0, -0.24018104374409, 7.6293943607197e-08, 0.51403629779816, 1, },
		{ 0.98642230033875, 0, -0.16422885656357, 0, 0, 1, 0, 0, 0.16422885656357, 0, 0.98642230033875, 0, -0.22812782227993, 7.6293943607197e-08, 0.53169482946396, 1, },
		{ 0.98552322387695, 0, -0.16954043507576, 0, 0, 1, 0, 0, 0.16954043507576, 0, 0.98552322387695, 0, -0.21607467532158, 7.6293943607197e-08, 0.54935342073441, 1, },
		{ 0.98459553718567, 0, -0.17484711110592, 0, 0, 1, 0, 0, 0.17484711110592, 0, 0.98459553718567, 0, -0.20402145385742, 7.6293943607197e-08, 0.56701195240021, 1, },
		{ 0.9837052822113, 0, -0.17978897690773, 0, 0, 1, 0, 0, 0.17978897690773, 0, 0.9837052822113, 0, -0.18730537593365, 7.6293943607197e-08, 0.58001554012299, 1, },
		{ 0.98278999328613, 0, -0.18472629785538, 0, 0, 1, 0, 0, 0.18472629785538, 0, 0.98278999328613, 0, -0.17058929800987, 7.6293943607197e-08, 0.59301924705505, 1, },
		{ 0.98184996843338, 0, -0.18965896964073, 0, 0, 1, 0, 0, 0.18965896964073, 0, 0.98184996843338, 0, -0.15387313067913, 7.6293943607197e-08, 0.60602295398712, 1, },
		{ 0.98088532686234, 0, -0.1945868730545, 0, 0, 1, 0, 0, 0.1945868730545, 0, 0.98088532686234, 0, -0.13715697824955, 7.6293943607197e-08, 0.6190265417099, 1, },
		{ 0.97989577054977, 0, -0.19950985908508, 0, 0, 1, 0, 0, 0.19950985908508, 0, 0.97989577054977, 0, -0.12044082581997, 7.6293943607197e-08, 0.63203018903732, 1, },
		{ 0.97921031713486, 0, -0.20284759998322, 0, 0, 1, 0, 0, 0.20284759998322, 0, 0.97921031713486, 0, -0.10072349011898, 7.6293943607197e-08, 0.63928121328354, 1, },
		{ 0.97851341962814, 0, -0.2061829417944, 0, 0, 1, 0, 0, 0.2061829417944, 0, 0.97851341962814, 0, -0.081006318330765, 7.6293943607197e-08, 0.64653217792511, 1, },
		{ 0.97780525684357, 0, -0.20951595902443, 0, 0, 1, 0, 0, 0.20951595902443, 0, 0.97780525684357, 0, -0.06128890812397, 7.6293943607197e-08, 0.65378326177597, 1, },
		{ 0.97708564996719, 0, -0.21284651756287, 0, 0, 1, 0, 0, 0.21284651756287, 0, 0.97708564996719, 0, -0.041571579873562, 7.6293943607197e-08, 0.6610341668129, 1, },
		{ 0.97635471820831, 0, -0.21617458760738, 0, 0, 1, 0, 0, 0.21617458760738, 0, 0.97635471820831, 0, -0.021854400634766, 7.6293943607197e-08, 0.66828519105911, 1, },
		{ 0.97586417198181, 0, -0.21837854385376, 0, 0, 1, 0, 0, 0.21837854385376, 0, 0.97586417198181, 0, -0.00059844966745004, 7.6293943607197e-08, 0.66891020536423, 1, },
		{ 0.97536861896515, 0, -0.22058139741421, 0, 0, 1, 0, 0, 0.22058139741421, 0, 0.97536861896515, 0, 0.020657423883677, 7.6293943607197e-08, 0.66953527927399, 1, },
		{ 0.97523891925812, 0, -0.2211539298296, 0, 0, 1, 0, 0, 0.2211539298296, 0, 0.97523891925812, 0, 0.041913375258446, 7.6293943607197e-08, 0.67016035318375, 1, },
		{ 0.97510898113251, 0, -0.22172632813454, 0, 0, 1, 0, 0, 0.22172632813454, 0, 0.97510898113251, 0, 0.063169322907925, 7.6293943607197e-08, 0.67078530788422, 1, },
		{ 0.97497862577438, 0, -0.22229871153831, 0, 0, 1, 0, 0, 0.22229871153831, 0, 0.97497862577438, 0, 0.084425278007984, 7.6293943607197e-08, 0.67141038179398, 1, },
		{ 0.97525697946548, 0, -0.22107455134392, 0, 0, 1, 0, 0, 0.22107455134392, 0, 0.97525697946548, 0, 0.10489524900913, 7.6293943607197e-08, 0.66569006443024, 1, },
		{ 0.97553366422653, 0, -0.21985007822514, 0, 0, 1, 0, 0, 0.21985007822514, 0, 0.97553366422653, 0, 0.12536513805389, 7.6293943607197e-08, 0.65996968746185, 1, },
		{ 0.97580885887146, 0, -0.21862524747849, 0, 0, 1, 0, 0, 0.21862524747849, 0, 0.97580885887146, 0, 0.14583511650562, 7.6293943607197e-08, 0.6542494893074, 1, },
		{ 0.97608250379562, 0, -0.21740011870861, 0, 0, 1, 0, 0, 0.21740011870861, 0, 0.97608250379562, 0, 0.16630500555038, 7.6293943607197e-08, 0.64852911233902, 1, },
		{ 0.97635471820831, 0, -0.21617458760738, 0, 0, 1, 0, 0, 0.21617458760738, 0, 0.97635471820831, 0, 0.18677496910095, 7.6293943607197e-08, 0.64280873537064, 1, },
		{ 0.97708564996719, 0, -0.21284648776054, 0, 0, 1, 0, 0, 0.21284648776054, 0, 0.97708564996719, 0, 0.20420172810555, 7.6293943607197e-08, 0.63099408149719, 1, },
		{ 0.97780525684357, 0, -0.20951594412327, 0, 0, 1, 0, 0, 0.20951594412327, 0, 0.97780525684357, 0, 0.22162836790085, 7.6293943607197e-08, 0.6191793680191, 1, },
		{ 0.97851341962814, 0, -0.2061829417944, 0, 0, 1, 0, 0, 0.2061829417944, 0, 0.97851341962814, 0, 0.23905517160892, 7.6293943607197e-08, 0.60736465454102, 1, },
		{ 0.97921031713486, 0, -0.20284757018089, 0, 0, 1, 0, 0, 0.20284757018089, 0, 0.97921031713486, 0, 0.25648185610771, 7.6293943607197e-08, 0.59554994106293, 1, },
		{ 0.97989577054977, 0, -0.19950982928276, 0, 0, 1, 0, 0, 0.19950982928276, 0, 0.97989577054977, 0, 0.27390864491463, 7.6293943607197e-08, 0.58373528718948, 1, },
		{ 0.98088532686234, 0, -0.1945868730545, 0, 0, 1, 0, 0, 0.1945868730545, 0, 0.98088532686234, 0, 0.28692516684532, 7.6293943607197e-08, 0.56685769557953, 1, },
		{ 0.98184996843338, 0, -0.18965896964073, 0, 0, 1, 0, 0, 0.18965896964073, 0, 0.98184996843338, 0, 0.29994177818298, 7.6293943607197e-08, 0.54998010396957, 1, },
		{ 0.98278999328613, 0, -0.18472629785538, 0, 0, 1, 0, 0, 0.18472629785538, 0, 0.98278999328613, 0, 0.31295841932297, 7.6293943607197e-08, 0.53310245275497, 1, },
		{ 0.9837052822113, 0, -0.17978894710541, 0, 0, 1, 0, 0, 0.17978894710541, 0, 0.9837052822113, 0, 0.32597494125366, 7.6293943607197e-08, 0.51622498035431, 1, },
		{ 0.98459553718567, 0, -0.17484709620476, 0, 0, 1, 0, 0, 0.17484709620476, 0, 0.98459553718567, 0, 0.33899161219597, 7.6293943607197e-08, 0.49934735894203, 1, },
		{ 0.98564338684082, 0, -0.16884034872055, 0, 0, 1, 0, 0, 0.16884034872055, 0, 0.98564338684082, 0, 0.3458753824234, 7.6293943607197e-08, 0.47936645150185, 1, },
		{ 0.98665457963943, 0, -0.16282729804516, 0, 0, 1, 0, 0, 0.16282729804516, 0, 0.98665457963943, 0, 0.35275909304619, 7.6293943607197e-08, 0.45938551425934, 1, },
		{ 0.98762905597687, 0, -0.15680824220181, 0, 0, 1, 0, 0, 0.15680824220181, 0, 0.98762905597687, 0, 0.3596428334713, 7.6293943607197e-08, 0.43940442800522, 1, },
		{ 0.98856687545776, 0, -0.1507833302021, 0, 0, 1, 0, 0, 0.1507833302021, 0, 0.98856687545776, 0, 0.36652648448944, 7.6293943607197e-08, 0.41942343115807, 1, },
		{ 0.98946785926819, 0, -0.14475281536579, 0, 0, 1, 0, 0, 0.14475281536579, 0, 0.98946785926819, 0, 0.3734102845192, 7.6293943607197e-08, 0.39944252371788, 1, },
		{ 0.99040651321411, 0, -0.13818408548832, 0, 0, 1, 0, 0, 0.13818408548832, 0, 0.99040651321411, 0, 0.37387800216675, 7.6293943607197e-08, 0.37837898731232, 1, },
		{ 0.99130177497864, 0, -0.13160926103592, 0, 0, 1, 0, 0, 0.13160926103592, 0, 0.99130177497864, 0, 0.3743457198143, 7.6293943607197e-08, 0.3573155105114, 1, },
		{ 0.99215310811996, 0, -0.12502864003181, 0, 0, 1, 0, 0, 0.12502864003181, 0, 0.99215310811996, 0, 0.37481337785721, 7.6293943607197e-08, 0.33625212311745, 1, },
		{ 0.99296092987061, 0, -0.11844254285097, 0, 0, 1, 0, 0, 0.11844254285097, 0, 0.99296092987061, 0, 0.37528109550476, 7.6293943607197e-08, 0.31518867611885, 1, },
		{ 0.99372494220734, 0, -0.11185120046139, 0, 0, 1, 0, 0, 0.11185120046139, 0, 0.99372494220734, 0, 0.37574881315231, 7.6293943607197e-08, 0.29412513971329, 1, },
		{ 0.99444526433945, 0, -0.10525495558977, 0, 0, 1, 0, 0, 0.10525495558977, 0, 0.99444526433945, 0, 0.37041544914246, 7.6293943607197e-08, 0.2737692296505, 1, },
		{ 0.995121717453, 0, -0.098654069006443, 0, 0, 1, 0, 0, 0.098654069006443, 0, 0.995121717453, 0, 0.3650820851326, 7.6293943607197e-08, 0.2534131705761, 1, },
		{ 0.99575453996658, 0, -0.092048838734627, 0, 0, 1, 0, 0, 0.092048838734627, 0, 0.99575453996658, 0, 0.35974863171577, 7.6293943607197e-08, 0.23305724561214, 1, },
		{ 0.99634331464767, 0, -0.085439555346966, 0, 0, 1, 0, 0, 0.085439555346966, 0, 0.99634331464767, 0, 0.35441526770592, 7.6293943607197e-08, 0.21270133554935, 1, },
		{ 0.9968883395195, 0, -0.078826516866684, 0, 0, 1, 0, 0, 0.078826516866684, 0, 0.9968883395195, 0, 0.34908187389374, 7.6293943607197e-08, 0.19234527647495, 1, },
		{ 0.99735045433044, 0, -0.072746589779854, 0, 0, 1, 0, 0, 0.072746589779854, 0, 0.99735045433044, 0, 0.3374956548214, 7.6293943607197e-08, 0.17509184777737, 1, },
		{ 0.99777549505234, 0, -0.066663950681686, 0, 0, 1, 0, 0, 0.066663950681686, 0, 0.99777549505234, 0, 0.32590934634209, 7.6293943607197e-08, 0.15783831477165, 1, },
		{ 0.99816340208054, 0, -0.060578849166632, 0, 0, 1, 0, 0, 0.060578849166632, 0, 0.99816340208054, 0, 0.3143230676651, 7.6293943607197e-08, 0.14058482646942, 1, },
		{ 0.99851423501968, 0, -0.054491505026817, 0, 0, 1, 0, 0, 0.054491505026817, 0, 0.99851423501968, 0, 0.30273672938347, 7.6293943607197e-08, 0.123331412673, 1, },
		{ 0.99882793426514, 0, -0.048402115702629, 0, 0, 1, 0, 0, 0.048402115702629, 0, 0.99882793426514, 0, 0.29115042090416, 7.6293943607197e-08, 0.10607787966728, 1, },
		{ 0.99905830621719, 0, -0.043385982513428, 0, 0, 1, 0, 0, 0.043385982513428, 0, 0.99905830621719, 0, 0.27434036135674, 7.6293943607197e-08, 0.092799372971058, 1, },
		{ 0.99926364421844, 0, -0.038368739187717, 0, 0, 1, 0, 0, 0.038368739187717, 0, 0.99926364421844, 0, 0.25753024220467, 7.6293943607197e-08, 0.079520873725414, 1, },
		{ 0.99944376945496, 0, -0.03335052728653, 0, 0, 1, 0, 0, 0.03335052728653, 0, 0.99944376945496, 0, 0.24072016775608, 7.6293943607197e-08, 0.06624236702919, 1, },
		{ 0.99959856271744, 0, -0.028331488370895, 0, 0, 1, 0, 0, 0.028331488370895, 0, 0.99959856271744, 0, 0.2239100933075, 7.6293943607197e-08, 0.052963867783546, 1, },
		{ 0.99972820281982, 0, -0.023311711847782, 0, 0, 1, 0, 0, 0.023311711847782, 0, 0.99972820281982, 0, 0.20710001885891, 7.6293943607197e-08, 0.039685361087322, 1, },
		{ 0.99980187416077, 0, -0.019905105233192, 0, 0, 1, 0, 0, 0.019905105233192, 0, 0.99980187416077, 0, 0.18720717728138, 7.6293943607197e-08, 0.032580450177193, 1, },
		{ 0.99986392259598, 0, -0.016498245298862, 0, 0, 1, 0, 0, 0.016498245298862, 0, 0.99986392259598, 0, 0.16731445491314, 7.6293943607197e-08, 0.025475539267063, 1, },
		{ 0.99991428852081, 0, -0.013091236352921, 0, 0, 1, 0, 0, 0.013091236352921, 0, 0.99991428852081, 0, 0.14742171764374, 7.6293943607197e-08, 0.018370589241385, 1, },
		{ 0.99995303153992, 0, -0.0096840485930443, 0, 0, 1, 0, 0, 0.0096840485930443, 0, 0.99995303153992, 0, 0.1275289952755, 7.6293943607197e-08, 0.01126564014703, 1, },
		{ 0.99998033046722, 0, -0.0062767560593784, 0, 0, 1, 0, 0, 0.0062767560593784, 0, 0.99998033046722, 0, 0.10763618350029, 7.6293943607197e-08, 0.0041607664898038, 1, },
		{ 0.99998742341995, 0, -0.0050213928334415, 0, 0, 1, 0, 0, 0.0050213928334415, 0, 0.99998742341995, 0, 0.086109004914761, 7.6293943607197e-08, 0.003328628372401, 1, },
		{ 0.99999290704727, 0, -0.0037660596426576, 0, 0, 1, 0, 0, 0.0037660596426576, 0, 0.99999290704727, 0, 0.064581751823425, 7.6293943607197e-08, 0.0024964904878289, 1, },
		{ 0.99999690055847, 0, -0.0025107187684625, 0, 0, 1, 0, 0, 0.0025107187684625, 0, 0.99999690055847, 0, 0.04305450245738, 7.6293943607197e-08, 0.0016643523704261, 1, },
		{ 0.99999922513962, 0, -0.001255355658941, 0, 0, 1, 0, 0, 0.001255355658941, 0, 0.99999922513962, 0, 0.02152725122869, 7.6293943607197e-08, 0.00083217618521303, 1, },
		{ 1.0000001192093, 0, 0, 0, 0, 1, 0, 0, 0, 0, 1.0000001192093, 0, 0, 7.6293943607197e-08, 3.8146971803599e-08, 1, },
	},
}
end
