function data()
return {
	times = { 0, 41.667, 83.333, 125, 166.667, 208.333, 250, 291.667, 333.333, 375, 416.667, 458.333, 500, 541.667, 583.333, 625, 666.667, 708.333, 750, 791.667, 833.333, 875, 916.667, 958.333, 1000, 1041.667, 1083.333, 1125, 1166.667, 1208.333, 1250, 1291.667, 1333.333, 1375, 1416.667, 1458.333, 1500, 1541.667, 1583.333, 1625, 1666.667, 1708.333, 1750, 1791.667, 1833.333, 1875, 1916.667, 1958.333, 2000, 2041.667, 2083.333, 2125, 2166.667, 2208.333, 2250, 2291.667, 2333.333, 2375, 2416.667, 2458.333, 2500, 2541.667, 2583.333, 2625, 2666.667, 2708.333, 2750, 2791.667, 2833.333, 2875, 2916.667, 2958.333, 3000, 3041.667, 3083.333, 3125, 3166.667, 3208.333, 3250, 3291.667, 3333.333, 3375, 3416.667, 3458.333, 3500, 3541.667, 3583.333, 3625, 3666.667, 3708.333, 3750, 3791.667, 3833.333, 3875, 3916.667, 3958.333, 4000, 4041.667, 4083.333, 4166.667, },
	transfs = {
		{ 1, 1.7763568394003e-15, 8.9406967163086e-08, 0, 0, 1, 0, 0, -8.9406967163086e-08, -1.7763568394003e-15, 1, 0, -2.8610228852699e-08, 0, 0, 1, },
		{ 0.99999833106995, 1.6298074001497e-11, 0.0017848312854767, 0, -1.6372680988752e-11, 1, 4.1564973685126e-11, 0, -0.0017848312854767, -4.1596948108236e-11, 0.99999833106995, 0, -2.8610228852699e-08, 0, 0, 1, },
		{ 0.99997782707214, 6.0408567037484e-11, 0.0066570639610291, 0, -6.1440630361176e-11, 1, 1.5488410554099e-10, 0, -0.0066570639610291, -1.5529266761405e-10, 0.99997782707214, 0, -2.8610228852699e-08, 0, 0, 1, },
		{ 0.99990338087082, 1.2489564937823e-10, 0.01389279961586, 0, -1.2939338489559e-10, 1, 3.2277469586006e-10, 0, -0.01389279961586, -3.2454305909368e-10, 0.99990338087082, 0, -2.8610228852699e-08, 0, 0, 1, },
		{ 0.99974077939987, 2.0232882036453e-10, 0.022767959162593, 0, -2.1440627051561e-10, 1, 5.2804960404274e-10, 0, -0.022767959162593, -5.3279691769603e-10, 0.99974077939987, 0, -2.8610228852699e-08, 0, 0, 1, },
		{ 0.99946987628937, 2.8561331077981e-10, 0.032558083534241, 0, -3.1031532898851e-10, 1, 7.5365130802751e-10, 0, -0.032558083534241, -7.63357321798e-10, 0.99946987628937, 0, -2.8610228852699e-08, 0, 0, 1, },
		{ 0.99908804893494, 3.695248551594e-10, 0.042698949575424, 0, -4.1201531075785e-10, 1, 9.8640740020528e-10, 0, -0.042698949575424, -1.003101601782e-09, 0.99908804893494, 0, -2.8610228852699e-08, 0, 0, 1, },
		{ 0.99858027696609, 4.5441159168824e-10, 0.053266733884811, 0, -5.2055781907256e-10, 1, 1.2279581795838e-09, 0, -0.053266733884811, -1.2539462801442e-09, 0.99858027696609, 0, -2.8610228852699e-08, 0, 0, 1, },
		{ 0.99791789054871, 5.4175680608282e-10, 0.064497232437134, 0, -6.3876903766413e-10, 1, 1.4835332962093e-09, 0, -0.064497232437134, -1.5216449211763e-09, 0.99791789054871, 0, -2.8610228852699e-08, 0, 0, 1, },
		{ 0.99705988168716, 6.327667279038e-10, 0.07662558555603, 0, -7.6975403828783e-10, 1, 1.7582326705678e-09, 0, -0.07662558555603, -1.8120499545304e-09, 0.99705988168716, 0, -2.8610228852699e-08, 0, 0, 1, },
		{ 0.99595218896866, 7.2829919872675e-10, 0.089884549379349, 0, -9.1690205428208e-10, 1, 2.0569910219592e-09, 0, -0.089884549379349, -2.1310821995968e-09, 0.99595218896866, 0, -2.8610228852699e-08, 0, 0, 1, },
		{ 0.99452996253967, 8.2848217175524e-10, 0.10445161908865, 0, -1.0833502983587e-09, 1, 2.383341524137e-09, 0, -0.10445161908865, -2.4834654333006e-09, 0.99452996253967, 0, -2.8610228852699e-08, 0, 0, 1, },
		{ 0.99273890256882, 9.3169383319491e-10, 0.12028875946999, 0, -1.2700134277566e-09, 1, 2.7359075005506e-09, 0, -0.12028875946999, -2.8688122988285e-09, 0.99273890256882, 0, -2.8610228852699e-08, 0, 0, 1, },
		{ 0.99052917957306, 1.035918018033e-09, 0.13730210065842, 0, -1.4771970313632e-09, 1, 3.1120457322231e-09, 0, -0.13730210065842, -3.2853948450651e-09, 0.99052917957306, 0, -2.8610228852699e-08, 0, 0, 1, },
		{ 0.98785215616226, 1.1391438903274e-09, 0.15539649128914, 0, -1.7051585698979e-09, 1, 3.5090887973155e-09, 0, -0.15539649128914, -3.7314396017507e-09, 0.98785215616226, 0, -2.8610228852699e-08, 0, 0, 1, },
		{ 0.98466163873672, 1.2394139048411e-09, 0.17447458207607, 0, -1.9540864482082e-09, 1, 3.9243515104204e-09, 0, -0.17447458207607, -4.2050989357278e-09, 0.98466163873672, 0, -2.8610228852699e-08, 0, 0, 1, },
		{ 0.98091846704483, 1.3347403182706e-09, 0.19441965222359, 0, -2.2238246799589e-09, 1, 4.3547538908228e-09, 0, -0.19441965222359, -4.7040158435152e-09, 0.98091846704483, 0, -2.8610228852699e-08, 0, 0, 1, },
		{ 0.97660487890244, 1.422975404175e-09, 0.21504175662994, 0, -2.5130473257917e-09, 1, 4.7957104953866e-09, 0, -0.21504175662994, -5.2239252923414e-09, 0.97660487890244, 0, -2.8610228852699e-08, 0, 0, 1, },
		{ 0.97172045707703, 1.5022152410893e-09, 0.23613418638706, 0, -2.8198705592786e-09, 1, 5.2423985152927e-09, 0, -0.23613418638706, -5.7600164637961e-09, 0.97172045707703, 0, -2.8610228852699e-08, 0, 0, 1, },
		{ 0.96628040075302, 1.5709424872057e-09, 0.25749176740646, 0, -3.1420626100953e-09, 1, 5.6901798828335e-09, 0, -0.25749176740646, -6.3073679612557e-09, 0.96628040075302, 0, -2.8610228852699e-08, 0, 0, 1, },
		{ 0.96031659841537, 1.6280363723808e-09, 0.27891212701797, 0, -3.4770391010852e-09, 1, 6.1346301372112e-09, 0, -0.27891212701797, -6.8609771197714e-09, 0.96031659841537, 0, -2.8610228852699e-08, 0, 0, 1, },
		{ 0.95386493206024, 1.6728803897692e-09, 0.30023592710495, 0, -3.8224925447139e-09, 1, 6.5723639863791e-09, 0, -0.30023592710495, -7.4168005070874e-09, 0.95386493206024, 0, -2.8610228852699e-08, 0, 0, 1, },
		{ 0.94692194461823, 1.7054019307849e-09, 0.32146349549294, 0, -4.1785135351802e-09, 1, 7.0033610022335e-09, 0, -0.32146349549294, -7.9748785353217e-09, 0.94692194461823, 0, -2.8610228852699e-08, 0, 0, 1, },
		{ 0.93946933746338, 1.7255157302998e-09, 0.34263297915459, 0, -4.5458730113523e-09, 1, 7.4283406092945e-09, 0, -0.34263297915459, -8.5362676927048e-09, 0.93946933746338, 0, -2.8610228852699e-08, 0, 0, 1, },
		{ 0.93148452043533, 1.7330331614218e-09, 0.36378091573715, 0, -4.925437835368e-09, 1, 7.8479489573624e-09, 0, -0.36378091573715, -9.1020257997343e-09, 0.93148452043533, 0, -2.8610228852699e-08, 0, 0, 1, },
		{ 0.92294085025787, 1.7276525765553e-09, 0.38494181632996, 0, -5.3181388182111e-09, 1, 8.2627442665739e-09, 0, -0.38494181632996, -9.6731991305887e-09, 0.92294085025787, 0, -2.8610228852699e-08, 0, 0, 1, },
		{ 0.91382348537445, 1.7089867299092e-09, 0.40611162781715, 0, -5.7242850459716e-09, 1, 8.67249561054e-09, 0, -0.40611162781715, -1.0249831206011e-08, 0.91382348537445, 0, -2.8610228852699e-08, 0, 0, 1, },
		{ 0.90418428182602, 1.6768914035126e-09, 0.42714259028435, 0, -6.1413198970683e-09, 1, 9.0742382496956e-09, 0, -0.42714259028435, -1.0828005159169e-08, 0.90418428182602, 0, -2.8610228852699e-08, 0, 0, 1, },
		{ 0.89410531520844, 1.6316547002404e-09, 0.4478568136692, 0, -6.5657026482313e-09, 1, 9.4645749015854e-09, 0, -0.4478568136692, -1.1402823574258e-08, 0.89410531520844, 0, -2.8610228852699e-08, 0, 0, 1, },
		{ 0.88368374109268, 1.5739836101147e-09, 0.46808421611786, 0, -6.9936056945608e-09, 1, 9.8404395743046e-09, 0, -0.46808421611786, -1.1969435220749e-08, 0.88368374109268, 0, -2.8610228852699e-08, 0, 0, 1, },
		{ 0.8730320930481, 1.5050075630185e-09, 0.4876629114151, 0, -7.4209403067016e-09, 1, 1.0199078026574e-08, 0, -0.4876629114151, -1.2523042158818e-08, 0.8730320930481, 0, -2.8610228852699e-08, 0, 0, 1, },
		{ 0.86226201057434, 1.4261463121557e-09, 0.50646245479584, 0, -7.8438961992333e-09, 1, 1.05384856397e-08, 0, -0.50646245479584, -1.3059578307661e-08, 0.86226201057434, 0, -2.8610228852699e-08, 0, 0, 1, },
		{ 0.8514409661293, 1.3386713959562e-09, 0.52445048093796, 0, -8.2606170792587e-09, 1, 1.0858521193313e-08, 0, -0.52445048093796, -1.3577674984333e-08, 0.8514409661293, 0, -2.8610228852699e-08, 0, 0, 1, },
		{ 0.8406235575676, 1.2437889607142e-09, 0.54161983728409, 0, -8.6697582446504e-09, 1, 1.1159515977965e-08, 0, -0.54161983728409, -1.4076668719554e-08, 0.8406235575676, 0, -2.8610228852699e-08, 0, 0, 1, },
		{ 0.8298642039299, 1.1427179202883e-09, 0.55796551704407, 0, -9.0700122967746e-09, 1, 1.1441853686733e-08, 0, -0.55796551704407, -1.4555941341143e-08, 0.8298642039299, 0, -2.8610228852699e-08, 0, 0, 1, },
		{ 0.8192166686058, 1.0366871805445e-09, 0.5734840631485, 0, -9.460087824209e-09, 1, 1.1705945546225e-08, 0, -0.5734840631485, -1.5014919085843e-08, 0.8192166686058, 0, -2.8610228852699e-08, 0, 0, 1, },
		{ 0.80874627828598, 9.2704860454873e-10, 0.58815759420395, 0, -9.838305281562e-09, 1, 1.1951972744839e-08, 0, -0.58815759420395, -1.5452590318432e-08, 0.80874627828598, 0, -2.8610228852699e-08, 0, 0, 1, },
		{ 0.79856663942337, 8.1571904786415e-10, 0.60190641880035, 0, -1.0201285149947e-08, 1, 1.2179116382072e-08, 0, -0.60190641880035, -1.5866056912728e-08, 0.79856663942337, 0, -2.8610228852699e-08, 0, 0, 1, },
		{ 0.78880774974823, 7.0490102643816e-10, 0.6146399974823, 0, -1.0545172735021e-08, 1, 1.2386459857794e-08, 0, -0.6146399974823, -1.6252021950436e-08, 0.78880774974823, 0, -2.8610228852699e-08, 0, 0, 1, },
		{ 0.7796037197113, 5.9693938680994e-10, 0.6262731552124, 0, -1.0866063604453e-08, 1, 1.2573241114922e-08, 0, -0.6262731552124, -1.6607273778391e-08, 0.7796037197113, 0, -2.8610228852699e-08, 0, 0, 1, },
		{ 0.77109104394913, 4.9427306691996e-10, 0.63672488927841, 0, -1.1160032897806e-08, 1, 1.2738830434955e-08, 0, -0.63672488927841, -1.6928670021343e-08, 0.77109104394913, 0, -2.8610228852699e-08, 0, 0, 1, },
		{ 0.76339489221573, 3.9923619965521e-10, 0.64593201875687, 0, -1.1423592738424e-08, 1, 1.2882894750987e-08, 0, -0.64593201875687, -1.7213602987454e-08, 0.76339489221573, 0, -2.8610228852699e-08, 0, 0, 1, },
		{ 0.75658762454987, 3.1349856044471e-10, 0.65389221906662, 0, -1.1655030718316e-08, 1, 1.3006047794306e-08, 0, -0.65389221906662, -1.7461349699488e-08, 0.75658762454987, 0, -2.8610228852699e-08, 0, 0, 1, },
		{ 0.75072431564331, 2.384314967685e-10, 0.66061562299728, 0, -1.1853161119291e-08, 1, 1.3109019647572e-08, 0, -0.66061562299728, -1.7671645480277e-08, 0.75072431564331, 0, -2.8610228852699e-08, 0, 0, 1, },
		{ 0.74585449695587, 1.7525179918376e-10, 0.66610884666443, 0, -1.2016883488286e-08, 1, 1.3192427594788e-08, 0, -0.66610884666443, -1.7844188349159e-08, 0.74585449695587, 0, -2.8610228852699e-08, 0, 0, 1, },
		{ 0.7420226931572, 1.2502177071383e-10, 0.670374751091, 0, -1.214519329551e-08, 1, 1.3256744146872e-08, 0, -0.670374751091, -1.7978637245619e-08, 0.7420226931572, 0, -2.8610228852699e-08, 0, 0, 1, },
		{ 0.73923540115356, 8.8204998860419e-11, 0.6734471321106, 0, -1.2238245084006e-08, 1, 1.3302811296967e-08, 0, -0.6734471321106, -1.807572225232e-08, 0.73923540115356, 0, -2.8610228852699e-08, 0, 0, 1, },
		{ 0.73736423254013, 6.3357319390889e-11, 0.6754954457283, 0, -1.2300584550928e-08, 1, 1.3333405490812e-08, 0, -0.6754954457283, -1.8140564606028e-08, 0.73736423254013, 0, -2.8610228852699e-08, 0, 0, 1, },
		{ 0.73624181747437, 4.8402167690531e-11, 0.67671853303909, 0, -1.2337928012585e-08, 1, 1.3351629135627e-08, 0, -0.67671853303909, -1.8179333594048e-08, 0.73624181747437, 0, -2.8610228852699e-08, 0, 0, 1, },
		{ 0.73569643497467, 4.1122660832116e-11, 0.67731148004532, 0, -1.2356059286844e-08, 1, 1.3360450523692e-08, 0, -0.67731148004532, -1.819813810755e-08, 0.73569643497467, 0, -2.8610228852699e-08, 0, 0, 1, },
		{ 0.73555356264114, 3.92148535866e-11, 0.67746651172638, 0, -1.2360803935962e-08, 1, 1.3362755346691e-08, 0, -0.67746651172638, -1.8203056839639e-08, 0.73555356264114, 0, -2.8610228852699e-08, 0, 0, 1, },
		{ 0.73655354976654, 5.2558846164175e-11, 0.67637914419174, 0, -1.2327556753178e-08, 1, 1.3346576288598e-08, 0, -0.67637914419174, -1.8168574200672e-08, 0.73655354976654, 0, -2.8610228852699e-08, 0, 0, 1, },
		{ 0.73935693502426, 8.9814378156916e-11, 0.67331373691559, 0, -1.2234194102234e-08, 1, 1.3300814671879e-08, 0, -0.67331373691559, -1.8071503404826e-08, 0.73935693502426, 0, -2.8610228852699e-08, 0, 0, 1, },
		{ 0.74366056919098, 1.4654766289368e-10, 0.66855728626251, 0, -1.2090403345155e-08, 1, 1.3229392692438e-08, 0, -0.66855728626251, -1.7921308881341e-08, 0.74366056919098, 0, -2.8610228852699e-08, 0, 0, 1, },
		{ 0.7491562962532, 2.1816858042367e-10, 0.66239333152771, 0, -1.1905957997271e-08, 1, 1.3136084220378e-08, 0, -0.66239333152771, -1.772740887418e-08, 0.7491562962532, 0, -2.8610228852699e-08, 0, 0, 1, },
		{ 0.75553667545319, 3.0012436980087e-10, 0.65510636568069, 0, -1.1690626244842e-08, 1, 1.3024711975618e-08, 0, -0.65510636568069, -1.7499253601727e-08, 0.75553667545319, 0, -2.8610228852699e-08, 0, 0, 1, },
		{ 0.76255565881729, 3.8874858887539e-10, 0.64692252874374, 0, -1.1452208958929e-08, 1, 1.2898292212071e-08, 0, -0.64692252874374, -1.7244360606128e-08, 0.76255565881729, 0, -2.8610228852699e-08, 0, 0, 1, },
		{ 0.77019107341766, 4.832649835862e-10, 0.63781321048737, 0, -1.1190962823093e-08, 1, 1.2755950073995e-08, 0, -0.63781321048737, -1.6962262705533e-08, 0.77019107341766, 0, -2.8610228852699e-08, 0, 0, 1, },
		{ 0.77847039699554, 5.8342308761894e-10, 0.62768125534058, 0, -1.090535128867e-08, 1, 1.2595675613625e-08, 0, -0.62768125534058, -1.6650448131372e-08, 0.77847039699554, 0, -2.8610228852699e-08, 0, 0, 1, },
		{ 0.78741377592087, 6.8875927183853e-10, 0.61642473936081, 0, -1.0593982580076e-08, 1, 1.2415281247513e-08, 0, -0.61642473936081, -1.6306358929796e-08, 0.78741377592087, 0, -2.8610228852699e-08, 0, 0, 1, },
		{ 0.79703217744827, 7.9855227985703e-10, 0.60393679141998, 0, -1.025561502388e-08, 1, 1.2212372446641e-08, 0, -0.60393679141998, -1.592740161982e-08, 0.79703217744827, 0, -2.8610228852699e-08, 0, 0, 1, },
		{ 0.80729627609253, 9.114682342215e-10, 0.59014630317688, 0, -9.8902841472182e-09, 1, 1.1985033410156e-08, 0, -0.59014630317688, -1.5512188866751e-08, 0.80729627609253, 0, -2.8610228852699e-08, 0, 0, 1, },
		{ 0.81804937124252, 1.0247197534952e-09, 0.57514810562134, 0, -9.5025143309613e-09, 1, 1.1734030636035e-08, 0, -0.57514810562134, -1.5064369307538e-08, 0.81804937124252, 0, -2.8610228852699e-08, 0, 0, 1, },
		{ 0.82910972833633, 1.1353975537531e-09, 0.55908578634262, 0, -9.0978398148422e-09, 1, 1.146104899874e-08, 0, -0.55908578634262, -1.4588942498506e-08, 0.82910972833633, 0, -2.8610228852699e-08, 0, 0, 1, },
		{ 0.84030592441559, 1.240897162802e-09, 0.5421125292778, 0, -8.6816687172586e-09, 1, 1.1168086899715e-08, 0, -0.5421125292778, -1.4091053657239e-08, 0.84030592441559, 0, -2.8610228852699e-08, 0, 0, 1, },
		{ 0.85147738456726, 1.3389787056894e-09, 0.5243912935257, 0, -8.2592261918535e-09, 1, 1.0857474919135e-08, 0, -0.5243912935257, -1.357596257634e-08, 0.85147738456726, 0, -2.8610228852699e-08, 0, 0, 1, },
		{ 0.86248314380646, 1.4278516147215e-09, 0.5060858130455, 0, -7.8352986321306e-09, 1, 1.053173548371e-08, 0, -0.5060858130455, -1.3048779834435e-08, 0.86248314380646, 0, -2.8610228852699e-08, 0, 0, 1, },
		{ 0.87321865558624, 1.5062954217271e-09, 0.48732846975327, 0, -7.4135293459676e-09, 1, 1.0192996668934e-08, 0, -0.48732846975327, -1.251354309062e-08, 0.87321865558624, 0, -2.8610228852699e-08, 0, 0, 1, },
		{ 0.88359647989273, 1.5734559211111e-09, 0.46824914216995, 0, -6.9971513028122e-09, 1, 9.8434824735705e-09, 0, -0.46824914216995, -1.1974075952992e-08, 0.88359647989273, 0, -2.8610228852699e-08, 0, 0, 1, },
		{ 0.89354002475739, 1.6287948767513e-09, 0.44898355007172, 0, -6.5891825329345e-09, 1, 9.4856531518417e-09, 0, -0.44898355007172, -1.1434247326747e-08, 0.89354002475739, 0, -2.8610228852699e-08, 0, 0, 1, },
		{ 0.90298402309418, 1.6720989037822e-09, 0.42967408895493, 0, -6.1924505523336e-09, 1, 9.1222300824256e-09, 0, -0.42967408895493, -1.0897966973289e-08, 0.90298402309418, 0, -2.8610228852699e-08, 0, 0, 1, },
		{ 0.91190552711487, 1.7035509669583e-09, 0.41040000319481, 0, -5.8082125775627e-09, 1, 8.7548528426851e-09, 0, -0.41040000319481, -1.0367291913838e-08, 0.91190552711487, 0, -2.8610228852699e-08, 0, 0, 1, },
		{ 0.92040431499481, 1.7237091753941e-09, 0.39096796512604, 0, -5.4323798792666e-09, 1, 8.3799207573065e-09, 0, -0.39096796512604, -9.8368042600327e-09, 0.92040431499481, 0, -2.8610228852699e-08, 0, 0, 1, },
		{ 0.92858982086182, 1.7326495793668e-09, 0.3711077272892, 0, -5.0599275880359e-09, 1, 7.9921491646928e-09, 0, -0.3711077272892, -9.2992094025135e-09, 0.92858982086182, 0, -2.8610228852699e-08, 0, 0, 1, },
		{ 0.936547935009, 1.7298145138511e-09, 0.35053926706314, 0, -4.6862886904364e-09, 1, 7.5857986558958e-09, 0, -0.35053926706314, -8.7471949683504e-09, 0.936547935009, 0, -2.8610228852699e-08, 0, 0, 1, },
		{ 0.94433891773224, 1.7139605290595e-09, 0.32897421717644, 0, -4.3074273037291e-09, 1, 7.1546999436123e-09, 0, -0.32897421717644, -8.1734956580704e-09, 0.94433891773224, 0, -2.8610228852699e-08, 0, 0, 1, },
		{ 0.95195239782333, 1.683327255364e-09, 0.30624580383301, 0, -3.9220484637781e-09, 1, 6.6948717680759e-09, 0, -0.30624580383301, -7.5743145089291e-09, 0.95195239782333, 0, -2.8610228852699e-08, 0, 0, 1, },
		{ 0.95920711755753, 1.6368931765598e-09, 0.28270414471626, 0, -3.537588000313e-09, 1, 6.2128169275866e-09, 0, -0.28270414471626, -6.9594712215348e-09, 0.95920711755753, 0, -2.8610228852699e-08, 0, 0, 1, },
		{ 0.96591925621033, 1.5748966575302e-09, 0.25884348154068, 0, -3.16284953783e-09, 1, 5.7183671131611e-09, 0, -0.25884348154068, -6.3421641272043e-09, 0.96591925621033, 0, -2.8610228852699e-08, 0, 0, 1, },
		{ 0.97195345163345, 1.4988489338563e-09, 0.235172778368, 0, -2.805641940995e-09, 1, 5.2221329482904e-09, 0, -0.235172778368, -5.7354840876656e-09, 0.97195345163345, 0, -2.8610228852699e-08, 0, 0, 1, },
		{ 0.97722339630127, 1.411498473658e-09, 0.21221297979355, 0, -2.4727453418194e-09, 1, 4.735468905892e-09, 0, -0.21221297979355, -5.1523629807093e-09, 0.97722339630127, 0, -2.8610228852699e-08, 0, 0, 1, },
		{ 0.98170554637909, 1.3163408141281e-09, 0.19040527939796, 0, -2.1687451834396e-09, 1, 4.2684344947475e-09, 0, -0.19040527939796, -4.6032893052939e-09, 0.98170554637909, 0, -2.8610228852699e-08, 0, 0, 1, },
		{ 0.98547106981277, 1.2158842821464e-09, 0.16984295845032, 0, -1.8928396627871e-09, 1, 3.8238567867666e-09, 0, -0.16984295845032, -4.0897880637658e-09, 0.98547106981277, 0, -2.8610228852699e-08, 0, 0, 1, },
		{ 0.98860597610474, 1.112137937298e-09, 0.15052665770054, 0, -1.6430304894399e-09, 1, 3.4025358086609e-09, 0, -0.15052665770054, -3.6110898715691e-09, 0.98860597610474, 0, -2.8610228852699e-08, 0, 0, 1, },
		{ 0.99118918180466, 1.0069207689867e-09, 0.13245378434658, 0, -1.4174510454268e-09, 1, 3.005133919487e-09, 0, -0.13245378434658, -3.1664055821778e-09, 0.99118918180466, 0, -2.8610228852699e-08, 0, 0, 1, },
		{ 0.99329388141632, 9.0186519363655e-10, 0.11561670154333, 0, -1.214328193555e-09, 1, 2.6321433921339e-09, 0, -0.11561670154333, -2.7548896497365e-09, 0.99329388141632, 0, -2.8610228852699e-08, 0, 0, 1, },
		{ 0.99498695135117, 7.9843509581679e-10, 0.10000511258841, 0, -1.0320118093432e-09, 1, 2.2839348190473e-09, 0, -0.10000511258841, -2.375693419765e-09, 0.99498695135117, 0, -2.8610228852699e-08, 0, 0, 1, },
		{ 0.99632906913757, 6.9792704948668e-10, 0.085606157779694, 0, -8.6896889683885e-10, 1, 1.9607639956121e-09, 0, -0.085606157779694, -2.0279582457761e-09, 0.99632906913757, 0, -2.8610228852699e-08, 0, 0, 1, },
		{ 0.99737530946732, 6.0147975489144e-10, 0.072404265403748, 0, -7.2377304149995e-10, 1, 1.6627773602451e-09, 0, -0.072404265403748, -1.710819041989e-09, 0.99737530946732, 0, -2.8610228852699e-08, 0, 0, 1, },
		{ 0.99817532300949, 5.1009502177735e-10, 0.060382068157196, 0, -5.9511151562219e-10, 1, 1.3900187667559e-09, 0, -0.060382068157196, -1.4234178280503e-09, 0.99817532300949, 0, -2.8610228852699e-08, 0, 0, 1, },
		{ 0.9987730383873, 4.2462031113466e-10, 0.049520876258612, 0, -4.8178527833898e-10, 1, 1.1424550194761e-09, 0, -0.049520876258612, -1.1649134989966e-09, 0.9987730383873, 0, -2.8610228852699e-08, 0, 0, 1, },
		{ 0.99920761585236, 3.4578384600081e-10, 0.039800316095352, 0, -3.8270187019407e-10, 1, 9.199733752574e-10, 0, -0.039800316095352, -9.3447727333995e-10, 0.99920761585236, 0, -2.8610228852699e-08, 0, 0, 1, },
		{ 0.99951308965683, 2.7419133630247e-10, 0.031199602410197, 0, -2.9687186042793e-10, 1, 7.223999176631e-10, 0, -0.031199602410197, -7.3131101174795e-10, 0.99951308965683, 0, -2.8610228852699e-08, 0, 0, 1, },
		{ 0.99971926212311, 2.1032774133456e-10, 0.023696986958385, 0, -2.2341238581358e-10, 1, 5.4949467198639e-10, 0, -0.023696986958385, -5.5463811321488e-10, 0.99971926212311, 0, -2.8610228852699e-08, 0, 0, 1, },
		{ 0.99985086917877, 1.5457501945093e-10, 0.01726958155632, 0, -1.6152235104983e-10, 1, 4.0096104214626e-10, 0, -0.01726958155632, -4.0369305120969e-10, 0.99985086917877, 0, -2.8610228852699e-08, 0, 0, 1, },
		{ 0.9999293088913, 1.0721556975568e-10, 0.011895298957825, 0, -1.1051071169277e-10, 1, 2.7647481526394e-10, 0, -0.011895298957825, -2.7777158351228e-10, 0.9999293088913, 0, -2.8610228852699e-08, 0, 0, 1, },
		{ 0.9999715089798, 6.843591665584e-11, 0.0075502991676331, 0, -6.9761085796927e-11, 1, 1.756372824957e-10, 0, -0.0075502991676331, -1.7616129388554e-10, 0.9999715089798, 0, -2.8610228852699e-08, 0, 0, 1, },
		{ 0.99999111890793, 3.8340886021615e-11, 0.0042119026184082, 0, -3.8752997338909e-11, 1, 9.8042463037018e-11, 0, -0.0042119026184082, -9.8207664223082e-11, 0.99999111890793, 0, -2.8610228852699e-08, 0, 0, 1, },
		{ 0.99999833106995, 1.6949996961557e-11, 0.0018562077311799, 0, -1.7028156662491e-11, 1, 4.3225867329966e-11, 0, -0.0018562077311799, -4.3259618109914e-11, 0.99999833106995, 0, -2.8610228852699e-08, 0, 0, 1, },
		{ 1, 1.7763568394003e-15, 8.9406967163086e-08, 0, 0, 1, 0, 0, -8.9406967163086e-08, -1.7763568394003e-15, 1, 0, -2.8610228852699e-08, 0, 0, 1, },
	},
}
end
