function data()
return {
	times = { 0, 41.667, 83.333, 125, 166.667, 208.333, 250, 291.667, 333.333, 375, 416.667, 458.333, 500, 541.667, 583.333, 625, 666.667, 708.333, 750, 791.667, 833.333, 875, 916.667, 958.333, 1000, 1041.667, 1083.333, 1125, 1166.667, 1208.333, 1250, 1291.667, 1333.333, 1375, 1416.667, 1458.333, 1500, 1541.667, 1583.333, 1625, 1666.667, 1708.333, 1750, 1791.667, 1833.333, 1875, 1916.667, 1958.333, 2041.667, 2125, 2166.667, 2208.333, 2250, 2291.667, 2333.333, 2375, 2416.667, 2458.333, 2500, 2541.667, 2583.333, 2625, 2666.667, 2708.333, 2750, 2791.667, 2833.333, 2875, 2916.667, 2958.333, 3000, 3041.667, 3083.333, 3125, 3166.667, 3208.333, 3250, 3291.667, 3333.333, 3375, 3416.667, 3458.333, 3500, 3541.667, 3583.333, 3625, 3666.667, 3708.333, 3750, 3791.667, 3833.333, 3875, 3916.667, 3958.333, 4000, 4041.667, 4083.333, 4125, 4166.667, },
	transfs = {
		{ 1, 0, 0, 0, 0, 1, 0, 0, 0, 0, 1, 0, 0, 0, 0, 1, },
		{ 0.99999904632568, 0, 0.0013334992108867, 0, 0, 1, 0, 0, -0.0013334992108867, 0, 0.99999904632568, 0, 0, 0, 0, 1, },
		{ 0.99998658895493, 0, 0.0051782797090709, 0, 0, 1, 0, 0, -0.0051782797090709, 0, 0.99998658895493, 0, 0, 0, 0, 1, },
		{ 0.99993616342545, 0, 0.011300629004836, 0, 0, 1, 0, 0, -0.011300629004836, 0, 0.99993616342545, 0, 0, 0, 0, 1, },
		{ 0.99981045722961, 0, 0.019466429948807, 0, 0, 1, 0, 0, -0.019466429948807, 0, 0.99981045722961, 0, 0, 0, 0, 1, },
		{ 0.9995664358139, 0, 0.029440870508552, 0, 0, 1, 0, 0, -0.029440870508552, 0, 0.9995664358139, 0, 0, 0, 0, 1, },
		{ 0.99915963411331, 0, 0.040988240391016, 0, 0, 1, 0, 0, -0.040988240391016, 0, 0.99915963411331, 0, 0, 0, 0, 1, },
		{ 0.99854785203934, 0, 0.053871836513281, 0, 0, 1, 0, 0, -0.053871836513281, 0, 0.99854785203934, 0, 0, 0, 0, 1, },
		{ 0.99769520759583, 0, 0.06785399466753, 0, 0, 1, 0, 0, -0.06785399466753, 0, 0.99769520759583, 0, 0, 0, 0, 1, },
		{ 0.99657475948334, 0, 0.08269640058279, 0, 0, 1, 0, 0, -0.08269640058279, 0, 0.99657475948334, 0, 0, 0, 0, 1, },
		{ 0.99517059326172, 0, 0.098160363733768, 0, 0, 1, 0, 0, -0.098160363733768, 0, 0.99517059326172, 0, 0, 0, 0, 1, },
		{ 0.99347484111786, 0, 0.1140508428216, 0, 0, 1, 0, 0, -0.1140508428216, 0, 0.99347484111786, 0, 0, 0, 0, 1, },
		{ 0.99146848917007, 0, 0.13034658133984, 0, 0, 1, 0, 0, -0.13034658133984, 0, 0.99146848917007, 0, 0, 0, 0, 1, },
		{ 0.98912620544434, 0, 0.14706890285015, 0, 0, 1, 0, 0, -0.14706890285015, 0, 0.98912620544434, 0, 0, 0, 0, 1, },
		{ 0.98642075061798, 0, 0.16423806548119, 0, 0, 1, 0, 0, -0.16423806548119, 0, 0.98642075061798, 0, 0, 0, 0, 1, },
		{ 0.9833220243454, 0, 0.18187308311462, 0, 0, 1, 0, 0, -0.18187308311462, 0, 0.9833220243454, 0, 0, 0, 0, 1, },
		{ 0.97979766130447, 0, 0.19999141991138, 0, 0, 1, 0, 0, -0.19999141991138, 0, 0.97979766130447, 0, 0, 0, 0, 1, },
		{ 0.97581249475479, 0, 0.21860913932323, 0, 0, 1, 0, 0, -0.21860913932323, 0, 0.97581249475479, 0, 0, 0, 0, 1, },
		{ 0.97132873535156, 0, 0.23774036765099, 0, 0, 1, 0, 0, -0.23774036765099, 0, 0.97132873535156, 0, 0, 0, 0, 1, },
		{ 0.96630567312241, 0, 0.25739723443985, 0, 0, 1, 0, 0, -0.25739723443985, 0, 0.96630567312241, 0, 0, 0, 0, 1, },
		{ 0.96069973707199, 0, 0.27758952975273, 0, 0, 1, 0, 0, -0.27758952975273, 0, 0.96069973707199, 0, 0, 0, 0, 1, },
		{ 0.95447105169296, 0, 0.29830357432365, 0, 0, 1, 0, 0, -0.29830357432365, 0, 0.95447105169296, 0, 0, 0, 0, 1, },
		{ 0.94760626554489, 0, 0.31944060325623, 0, 0, 1, 0, 0, -0.31944060325623, 0, 0.94760626554489, 0, 0, 0, 0, 1, },
		{ 0.94010627269745, 0, 0.34088146686554, 0, 0, 1, 0, 0, -0.34088146686554, 0, 0.94010627269745, 0, 0, 0, 0, 1, },
		{ 0.93198055028915, 0, 0.36250814795494, 0, 0, 1, 0, 0, -0.36250814795494, 0, 0.93198055028915, 0, 0, 0, 0, 1, },
		{ 0.92324775457382, 0, 0.38420510292053, 0, 0, 1, 0, 0, -0.38420510292053, 0, 0.92324775457382, 0, 0, 0, 0, 1, },
		{ 0.91393560171127, 0, 0.40585905313492, 0, 0, 1, 0, 0, -0.40585905313492, 0, 0.91393560171127, 0, 0, 0, 0, 1, },
		{ 0.90408158302307, 0, 0.42735993862152, 0, 0, 1, 0, 0, -0.42735993862152, 0, 0.90408158302307, 0, 0, 0, 0, 1, },
		{ 0.89373171329498, 0, 0.44860178232193, 0, 0, 1, 0, 0, -0.44860178232193, 0, 0.89373171329498, 0, 0, 0, 0, 1, },
		{ 0.88294166326523, 0, 0.46948260068893, 0, 0, 1, 0, 0, -0.46948260068893, 0, 0.88294166326523, 0, 0, 0, 0, 1, },
		{ 0.87177550792694, 0, 0.48990547657013, 0, 0, 1, 0, 0, -0.48990547657013, 0, 0.87177550792694, 0, 0, 0, 0, 1, },
		{ 0.86031061410904, 0, 0.50977021455765, 0, 0, 1, 0, 0, -0.50977021455765, 0, 0.86031061410904, 0, 0, 0, 0, 1, },
		{ 0.84865379333496, 0, 0.52894872426987, 0, 0, 1, 0, 0, -0.52894872426987, 0, 0.84865379333496, 0, 0, 0, 0, 1, },
		{ 0.83692818880081, 0, 0.54731273651123, 0, 0, 1, 0, 0, -0.54731273651123, 0, 0.83692818880081, 0, 0, 0, 0, 1, },
		{ 0.82526689767838, 0, 0.56474280357361, 0, 0, 1, 0, 0, -0.56474280357361, 0, 0.82526689767838, 0, 0, 0, 0, 1, },
		{ 0.81381189823151, 0, 0.58112823963165, 0, 0, 1, 0, 0, -0.58112823963165, 0, 0.81381189823151, 0, 0, 0, 0, 1, },
		{ 0.80271309614182, 0, 0.5963653922081, 0, 0, 1, 0, 0, -0.5963653922081, 0, 0.80271309614182, 0, 0, 0, 0, 1, },
		{ 0.79212522506714, 0, 0.61035847663879, 0, 0, 1, 0, 0, -0.61035847663879, 0, 0.79212522506714, 0, 0, 0, 0, 1, },
		{ 0.78220748901367, 0, 0.62301802635193, 0, 0, 1, 0, 0, -0.62301802635193, 0, 0.78220748901367, 0, 0, 0, 0, 1, },
		{ 0.77312088012695, 0, 0.63425862789154, 0, 0, 1, 0, 0, -0.63425862789154, 0, 0.77312088012695, 0, 0, 0, 0, 1, },
		{ 0.76502692699432, 0, 0.64399826526642, 0, 0, 1, 0, 0, -0.64399826526642, 0, 0.76502692699432, 0, 0, 0, 0, 1, },
		{ 0.75805014371872, 0, 0.65219628810883, 0, 0, 1, 0, 0, -0.65219628810883, 0, 0.75805014371872, 0, 0, 0, 0, 1, },
		{ 0.7521705031395, 0, 0.65896856784821, 0, 0, 1, 0, 0, -0.65896856784821, 0, 0.7521705031395, 0, 0, 0, 0, 1, },
		{ 0.7473207116127, 0, 0.6644634604454, 0, 0, 1, 0, 0, -0.6644634604454, 0, 0.7473207116127, 0, 0, 0, 0, 1, },
		{ 0.7434241771698, 0, 0.66882020235062, 0, 0, 1, 0, 0, -0.66882020235062, 0, 0.7434241771698, 0, 0, 0, 0, 1, },
		{ 0.74039536714554, 0, 0.67217165231705, 0, 0, 1, 0, 0, -0.67217165231705, 0, 0.74039536714554, 0, 0, 0, 0, 1, },
		{ 0.73814219236374, 0, 0.67464518547058, 0, 0, 1, 0, 0, -0.67464518547058, 0, 0.73814219236374, 0, 0, 0, 0, 1, },
		{ 0.73656791448593, 0, 0.67636358737946, 0, 0, 1, 0, 0, -0.67636358737946, 0, 0.73656791448593, 0, 0, 0, 0, 1, },
		{ 0.73505127429962, 0, 0.67801147699356, 0, 0, 1, 0, 0, -0.67801147699356, 0, 0.73505127429962, 0, 0, 0, 0, 1, },
		{ 0.73572826385498, 0, 0.6772768497467, 0, 0, 1, 0, 0, -0.6772768497467, 0, 0.73572826385498, 0, 0, 0, 0, 1, },
		{ 0.73813134431839, 0, 0.67465698719025, 0, 0, 1, 0, 0, -0.67465698719025, 0, 0.73813134431839, 0, 0, 0, 0, 1, },
		{ 0.74198472499847, 0, 0.67041683197021, 0, 0, 1, 0, 0, -0.67041683197021, 0, 0.74198472499847, 0, 0, 0, 0, 1, },
		{ 0.74715435504913, 0, 0.66465061903, 0, 0, 1, 0, 0, -0.66465061903, 0, 0.74715435504913, 0, 0, 0, 0, 1, },
		{ 0.75349986553192, 0, 0.65744799375534, 0, 0, 1, 0, 0, -0.65744799375534, 0, 0.75349986553192, 0, 0, 0, 0, 1, },
		{ 0.76087695360184, 0, 0.64889621734619, 0, 0, 1, 0, 0, -0.64889621734619, 0, 0.76087695360184, 0, 0, 0, 0, 1, },
		{ 0.76913905143738, 0, 0.6390814781189, 0, 0, 1, 0, 0, -0.6390814781189, 0, 0.76913905143738, 0, 0, 0, 0, 1, },
		{ 0.7781388759613, 0, 0.62809228897095, 0, 0, 1, 0, 0, -0.62809228897095, 0, 0.7781388759613, 0, 0, 0, 0, 1, },
		{ 0.7877311706543, 0, 0.61601912975311, 0, 0, 1, 0, 0, -0.61601912975311, 0, 0.7877311706543, 0, 0, 0, 0, 1, },
		{ 0.79777294397354, 0, 0.60295790433884, 0, 0, 1, 0, 0, -0.60295790433884, 0, 0.79777294397354, 0, 0, 0, 0, 1, },
		{ 0.80813497304916, 0, 0.58899730443954, 0, 0, 1, 0, 0, -0.58899730443954, 0, 0.80813497304916, 0, 0, 0, 0, 1, },
		{ 0.81872737407684, 0, 0.57418239116669, 0, 0, 1, 0, 0, -0.57418239116669, 0, 0.81872737407684, 0, 0, 0, 0, 1, },
		{ 0.82947117090225, 0, 0.55854946374893, 0, 0, 1, 0, 0, -0.55854946374893, 0, 0.82947117090225, 0, 0, 0, 0, 1, },
		{ 0.84028941392899, 0, 0.54213798046112, 0, 0, 1, 0, 0, -0.54213798046112, 0, 0.84028941392899, 0, 0, 0, 0, 1, },
		{ 0.85110777616501, 0, 0.52499103546143, 0, 0, 1, 0, 0, -0.52499103546143, 0, 0.85110777616501, 0, 0, 0, 0, 1, },
		{ 0.86185455322266, 0, 0.50715535879135, 0, 0, 1, 0, 0, -0.50715535879135, 0, 0.86185455322266, 0, 0, 0, 0, 1, },
		{ 0.87246215343475, 0, 0.4886816740036, 0, 0, 1, 0, 0, -0.4886816740036, 0, 0.87246215343475, 0, 0, 0, 0, 1, },
		{ 0.88286644220352, 0, 0.46962416172028, 0, 0, 1, 0, 0, -0.46962416172028, 0, 0.88286644220352, 0, 0, 0, 0, 1, },
		{ 0.89300775527954, 0, 0.45004123449326, 0, 0, 1, 0, 0, -0.45004123449326, 0, 0.89300775527954, 0, 0, 0, 0, 1, },
		{ 0.90283143520355, 0, 0.42999452352524, 0, 0, 1, 0, 0, -0.42999452352524, 0, 0.90283143520355, 0, 0, 0, 0, 1, },
		{ 0.91228812932968, 0, 0.40954905748367, 0, 0, 1, 0, 0, -0.40954905748367, 0, 0.91228812932968, 0, 0, 0, 0, 1, },
		{ 0.92133396863937, 0, 0.38877210021019, 0, 0, 1, 0, 0, -0.38877210021019, 0, 0.92133396863937, 0, 0, 0, 0, 1, },
		{ 0.9299311041832, 0, 0.36773374676704, 0, 0, 1, 0, 0, -0.36773374676704, 0, 0.9299311041832, 0, 0, 0, 0, 1, },
		{ 0.93804746866226, 0, 0.34650677442551, 0, 0, 1, 0, 0, -0.34650677442551, 0, 0.93804746866226, 0, 0, 0, 0, 1, },
		{ 0.94565695524216, 0, 0.32516604661942, 0, 0, 1, 0, 0, -0.32516604661942, 0, 0.94565695524216, 0, 0, 0, 0, 1, },
		{ 0.9527393579483, 0, 0.30378878116608, 0, 0, 1, 0, 0, -0.30378878116608, 0, 0.9527393579483, 0, 0, 0, 0, 1, },
		{ 0.9592809677124, 0, 0.28245347738266, 0, 0, 1, 0, 0, -0.28245347738266, 0, 0.9592809677124, 0, 0, 0, 0, 1, },
		{ 0.96527373790741, 0, 0.26124039292336, 0, 0, 1, 0, 0, -0.26124039292336, 0, 0.96527373790741, 0, 0, 0, 0, 1, },
		{ 0.97071582078934, 0, 0.24023044109344, 0, 0, 1, 0, 0, -0.24023044109344, 0, 0.97071582078934, 0, 0, 0, 0, 1, },
		{ 0.97561132907867, 0, 0.21950498223305, 0, 0, 1, 0, 0, -0.21950498223305, 0, 0.97561132907867, 0, 0, 0, 0, 1, },
		{ 0.97996872663498, 0, 0.1991511285305, 0, 0, 1, 0, 0, -0.1991511285305, 0, 0.97996872663498, 0, 0, 0, 0, 1, },
		{ 0.98379868268967, 0, 0.17927683889866, 0, 0, 1, 0, 0, -0.17927683889866, 0, 0.98379868268967, 0, 0, 0, 0, 1, },
		{ 0.98711776733398, 0, 0.15999527275562, 0, 0, 1, 0, 0, -0.15999527275562, 0, 0.98711776733398, 0, 0, 0, 0, 1, },
		{ 0.98994982242584, 0, 0.14141917228699, 0, 0, 1, 0, 0, -0.14141917228699, 0, 0.98994982242584, 0, 0, 0, 0, 1, },
		{ 0.99232447147369, 0, 0.12366072833538, 0, 0, 1, 0, 0, -0.12366072833538, 0, 0.99232447147369, 0, 0, 0, 0, 1, },
		{ 0.99427717924118, 0, 0.10683098435402, 0, 0, 1, 0, 0, -0.10683098435402, 0, 0.99427717924118, 0, 0, 0, 0, 1, },
		{ 0.99584728479385, 0, 0.091039761900902, 0, 0, 1, 0, 0, -0.091039761900902, 0, 0.99584728479385, 0, 0, 0, 0, 1, },
		{ 0.99707758426666, 0, 0.076395556330681, 0, 0, 1, 0, 0, -0.076395556330681, 0, 0.99707758426666, 0, 0, 0, 0, 1, },
		{ 0.9980131983757, 0, 0.063005417585373, 0, 0, 1, 0, 0, -0.063005417585373, 0, 0.9980131983757, 0, 0, 0, 0, 1, },
		{ 0.9986999630928, 0, 0.050974894315004, 0, 0, 1, 0, 0, -0.050974894315004, 0, 0.9986999630928, 0, 0, 0, 0, 1, },
		{ 0.99918431043625, 0, 0.040380317717791, 0, 0, 1, 0, 0, -0.040380317717791, 0, 0.99918431043625, 0, 0, 0, 0, 1, },
		{ 0.99951362609863, 0, 0.03118509426713, 0, 0, 1, 0, 0, -0.03118509426713, 0, 0.99951362609863, 0, 0, 0, 0, 1, },
		{ 0.99972796440125, 0, 0.023323560133576, 0, 0, 1, 0, 0, -0.023323560133576, 0, 0.99972796440125, 0, 0, 0, 0, 1, },
		{ 0.99985998868942, 0, 0.016729217022657, 0, 0, 1, 0, 0, -0.016729217022657, 0, 0.99985998868942, 0, 0, 0, 0, 1, },
		{ 0.99993574619293, 0, 0.011335011571646, 0, 0, 1, 0, 0, -0.011335011571646, 0, 0.99993574619293, 0, 0, 0, 0, 1, },
		{ 0.99997490644455, 0, 0.0070735113695264, 0, 0, 1, 0, 0, -0.0070735113695264, 0, 0.99997490644455, 0, 0, 0, 0, 1, },
		{ 0.99999243021011, 0, 0.0038770667742938, 0, 0, 1, 0, 0, -0.0038770667742938, 0, 0.99999243021011, 0, 0, 0, 0, 1, },
		{ 0.99999856948853, 0, 0.0016778953140602, 0, 0, 1, 0, 0, -0.0016778953140602, 0, 0.99999856948853, 0, 0, 0, 0, 1, },
		{ 0.99999988079071, 0, 0.00040815590182319, 0, 0, 1, 0, 0, -0.00040815590182319, 0, 0.99999988079071, 0, 0, 0, 0, 1, },
		{ 1, 0, 0, 0, 0, 1, 0, 0, 0, 0, 1, 0, 0, 0, 0, 1, },
	},
}
end
