function data()
return {
	times = { 0, 41.667, 83.333, 125, 166.667, 208.333, 250, 291.667, 333.333, 375, 416.667, 458.333, 500, 541.667, 583.333, 625, 666.667, 708.333, 750, 791.667, 833.333, 875, 916.667, 958.333, 1000, 1041.667, 1083.333, 1125, 1166.667, 1208.333, 1250, 1291.667, 1333.333, 1375, 1416.667, 1458.333, 1500, 1541.667, 1583.333, 1625, 1666.667, 1708.333, 1750, 1791.667, 1833.333, 1875, 1916.667, 1958.333, 2000, 2041.667, 2083.333, 2125, 2166.667, 2208.333, 2250, 2291.667, 2333.333, 2375, 2416.667, 2458.333, 2500, 2541.667, 2583.333, 2625, 2666.667, 2708.333, 2750, 2791.667, 2833.333, 2875, 2916.667, 2958.333, 3000, 3041.667, 3083.333, 3125, 3166.667, 3208.333, 3250, 3291.667, 3333.333, 3375, 3416.667, 3458.333, 3500, 3541.667, 3583.333, 3625, 3666.667, 3708.333, 3750, 3791.667, 3833.333, 3875, 3916.667, 3958.333, 4000, 4041.667, 4083.333, 4125, 4166.667, },
	transfs = {
		{ 1, 0, 0, 0, 0, 1, 0, 0, 0, 0, 1, 0, 0, 0, 0, 1, },
		{ 0.99999755620956, 0, 0.0021967815700918, 0, 0, 1, 0, 0, -0.0021967815700918, 0, 0.99999755620956, 0, 0, 0, 0, 1, },
		{ 0.9999902844429, 0, 0.0043935524299741, 0, 0, 1, 0, 0, -0.0043935524299741, 0, 0.9999902844429, 0, 0, 0, 0, 1, },
		{ 0.9999783039093, 0, 0.006590302567929, 0, 0, 1, 0, 0, -0.006590302567929, 0, 0.9999783039093, 0, 0, 0, 0, 1, },
		{ 0.99996131658554, 0, 0.0087870201095939, 0, 0, 1, 0, 0, -0.0087870201095939, 0, 0.99996131658554, 0, 0, 0, 0, 1, },
		{ 0.99993962049484, 0, 0.010983697138727, 0, 0, 1, 0, 0, -0.010983697138727, 0, 0.99993962049484, 0, 0, 0, 0, 1, },
		{ 0.99977505207062, 0, 0.021210268139839, 0, 0, 1, 0, 0, -0.021210268139839, 0, 0.99977505207062, 0, 0, 0, 0, 1, },
		{ 0.99950581789017, 0, 0.031434621661901, 0, 0, 1, 0, 0, -0.031434621661901, 0, 0.99950581789017, 0, 0, 0, 0, 1, },
		{ 0.99913197755814, 0, 0.041655696928501, 0, 0, 1, 0, 0, -0.041655696928501, 0, 0.99913197755814, 0, 0, 0, 0, 1, },
		{ 0.99865365028381, 0, 0.051872409880161, 0, 0, 1, 0, 0, -0.051872409880161, 0, 0.99865365028381, 0, 0, 0, 0, 1, },
		{ 0.99807095527649, 0, 0.062083672732115, 0, 0, 1, 0, 0, -0.062083672732115, 0, 0.99807095527649, 0, 0, 0, 0, 1, },
		{ 0.99679911136627, 0, 0.079947054386139, 0, 0, 1, 0, 0, -0.079947054386139, 0, 0.99679911136627, 0, 0, 0, 0, 1, },
		{ 0.99520754814148, 0, 0.097784817218781, 0, 0, 1, 0, 0, -0.097784817218781, 0, 0.99520754814148, 0, 0, 0, 0, 1, },
		{ 0.99329686164856, 0, 0.11559118330479, 0, 0, 1, 0, 0, -0.11559118330479, 0, 0.99329686164856, 0, 0, 0, 0, 1, },
		{ 0.99106758832932, 0, 0.13336046040058, 0, 0, 1, 0, 0, -0.13336046040058, 0, 0.99106758832932, 0, 0, 0, 0, 1, },
		{ 0.98852038383484, 0, 0.15108701586723, 0, 0, 1, 0, 0, -0.15108701586723, 0, 0.98852038383484, 0, 0, 0, 0, 1, },
		{ 0.98523962497711, 0, 0.1711805164814, 0, 0, 1, 0, 0, -0.1711805164814, 0, 0.98523962497711, 0, 0, 0, 0, 1, },
		{ 0.98155045509338, 0, 0.19120308756828, 0, 0, 1, 0, 0, -0.19120308756828, 0, 0.98155045509338, 0, 0, 0, 0, 1, },
		{ 0.97745442390442, 0, 0.21114639937878, 0, 0, 1, 0, 0, -0.21114639937878, 0, 0.97745442390442, 0, 0, 0, 0, 1, },
		{ 0.97295325994492, 0, 0.23100210726261, 0, 0, 1, 0, 0, -0.23100210726261, 0, 0.97295325994492, 0, 0, 0, 0, 1, },
		{ 0.96804869174957, 0, 0.2507621049881, 0, 0, 1, 0, 0, -0.2507621049881, 0, 0.96804869174957, 0, 0, 0, 0, 1, },
		{ 0.96261668205261, 0, 0.27086728811264, 0, 0, 1, 0, 0, -0.27086728811264, 0, 0.96261668205261, 0, 0, 0, 0, 1, },
		{ 0.956767141819, 0, 0.29085496068001, 0, 0, 1, 0, 0, -0.29085496068001, 0, 0.956767141819, 0, 0, 0, 0, 1, },
		{ 0.95050263404846, 0, 0.31071648001671, 0, 0, 1, 0, 0, -0.31071648001671, 0, 0.95050263404846, 0, 0, 0, 0, 1, },
		{ 0.94382584095001, 0, 0.33044317364693, 0, 0, 1, 0, 0, -0.33044317364693, 0, 0.94382584095001, 0, 0, 0, 0, 1, },
		{ 0.93673968315125, 0, 0.35002663731575, 0, 0, 1, 0, 0, -0.35002663731575, 0, 0.93673968315125, 0, 0, 0, 0, 1, },
		{ 0.92787575721741, 0, 0.37288936972618, 0, 0, 1, 0, 0, -0.37288936972618, 0, 0.92787575721741, 0, 0, 0, 0, 1, },
		{ 0.91845393180847, 0, 0.39552798867226, 0, 0, 1, 0, 0, -0.39552798867226, 0, 0.91845393180847, 0, 0, 0, 0, 1, },
		{ 0.9084797501564, 0, 0.41792875528336, 0, 0, 1, 0, 0, -0.41792875528336, 0, 0.9084797501564, 0, 0, 0, 0, 1, },
		{ 0.89795941114426, 0, 0.44007828831673, 0, 0, 1, 0, 0, -0.44007828831673, 0, 0.89795941114426, 0, 0, 0, 0, 1, },
		{ 0.88689911365509, 0, 0.46196314692497, 0, 0, 1, 0, 0, -0.46196314692497, 0, 0.88689911365509, 0, 0, 0, 0, 1, },
		{ 0.87756544351578, 0, 0.47945687174797, 0, 0, 1, 0, 0, -0.47945687174797, 0, 0.87756544351578, 0, 0, 0, 0, 1, },
		{ 0.86788672208786, 0, 0.49676206707954, 0, 0, 1, 0, 0, -0.49676206707954, 0, 0.86788672208786, 0, 0, 0, 0, 1, },
		{ 0.85786694288254, 0, 0.51387184858322, 0, 0, 1, 0, 0, -0.51387184858322, 0, 0.85786694288254, 0, 0, 0, 0, 1, },
		{ 0.84750980138779, 0, 0.53077977895737, 0, 0, 1, 0, 0, -0.53077977895737, 0, 0.84750980138779, 0, 0, 0, 0, 1, },
		{ 0.8368194103241, 0, 0.54747897386551, 0, 0, 1, 0, 0, -0.54747897386551, 0, 0.8368194103241, 0, 0, 0, 0, 1, },
		{ 0.82767742872238, 0, 0.56120413541794, 0, 0, 1, 0, 0, -0.56120413541794, 0, 0.82767742872238, 0, 0, 0, 0, 1, },
		{ 0.81831037998199, 0, 0.57477658987045, 0, 0, 1, 0, 0, -0.57477658987045, 0, 0.81831037998199, 0, 0, 0, 0, 1, },
		{ 0.80872064828873, 0, 0.5881929397583, 0, 0, 1, 0, 0, -0.5881929397583, 0, 0.80872064828873, 0, 0, 0, 0, 1, },
		{ 0.79891103506088, 0, 0.60144925117493, 0, 0, 1, 0, 0, -0.60144925117493, 0, 0.79891103506088, 0, 0, 0, 0, 1, },
		{ 0.78888422250748, 0, 0.61454182863235, 0, 0, 1, 0, 0, -0.61454182863235, 0, 0.78888422250748, 0, 0, 0, 0, 1, },
		{ 0.7829322218895, 0, 0.62210696935654, 0, 0, 1, 0, 0, -0.62210696935654, 0, 0.7829322218895, 0, 0, 0, 0, 1, },
		{ 0.77690762281418, 0, 0.62961459159851, 0, 0, 1, 0, 0, -0.62961459159851, 0, 0.77690762281418, 0, 0, 0, 0, 1, },
		{ 0.77081096172333, 0, 0.63706386089325, 0, 0, 1, 0, 0, -0.63706386089325, 0, 0.77081096172333, 0, 0, 0, 0, 1, },
		{ 0.76464295387268, 0, 0.64445412158966, 0, 0, 1, 0, 0, -0.64445412158966, 0, 0.76464295387268, 0, 0, 0, 0, 1, },
		{ 0.75840419530869, 0, 0.65178453922272, 0, 0, 1, 0, 0, -0.65178453922272, 0, 0.75840419530869, 0, 0, 0, 0, 1, },
		{ 0.75641626119614, 0, 0.6540904045105, 0, 0, 1, 0, 0, -0.6540904045105, 0, 0.75641626119614, 0, 0, 0, 0, 1, },
		{ 0.7544212937355, 0, 0.65639048814774, 0, 0, 1, 0, 0, -0.65639048814774, 0, 0.7544212937355, 0, 0, 0, 0, 1, },
		{ 0.75241935253143, 0, 0.65868437290192, 0, 0, 1, 0, 0, -0.65868437290192, 0, 0.75241935253143, 0, 0, 0, 0, 1, },
		{ 0.75041043758392, 0, 0.66097217798233, 0, 0, 1, 0, 0, -0.66097217798233, 0, 0.75041043758392, 0, 0, 0, 0, 1, },
		{ 0.74839454889297, 0, 0.66325378417969, 0, 0, 1, 0, 0, -0.66325378417969, 0, 0.74839454889297, 0, 0, 0, 0, 1, },
		{ 0.75303316116333, 0, 0.65798252820969, 0, 0, 1, 0, 0, -0.65798252820969, 0, 0.75303316116333, 0, 0, 0, 0, 1, },
		{ 0.75763463973999, 0, 0.65267884731293, 0, 0, 1, 0, 0, -0.65267884731293, 0, 0.75763463973999, 0, 0, 0, 0, 1, },
		{ 0.76219892501831, 0, 0.6473428606987, 0, 0, 1, 0, 0, -0.6473428606987, 0, 0.76219892501831, 0, 0, 0, 0, 1, },
		{ 0.76672554016113, 0, 0.64197504520416, 0, 0, 1, 0, 0, -0.64197504520416, 0, 0.76672554016113, 0, 0, 0, 0, 1, },
		{ 0.77121418714523, 0, 0.63657569885254, 0, 0, 1, 0, 0, -0.63657569885254, 0, 0.77121418714523, 0, 0, 0, 0, 1, },
		{ 0.7800754904747, 0, 0.62568539381027, 0, 0, 1, 0, 0, -0.62568539381027, 0, 0.7800754904747, 0, 0, 0, 0, 1, },
		{ 0.78878289461136, 0, 0.6146719455719, 0, 0, 1, 0, 0, -0.6146719455719, 0, 0.78878289461136, 0, 0, 0, 0, 1, },
		{ 0.79733484983444, 0, 0.60353714227676, 0, 0, 1, 0, 0, -0.60353714227676, 0, 0.79733484983444, 0, 0, 0, 0, 1, },
		{ 0.80572962760925, 0, 0.59228348731995, 0, 0, 1, 0, 0, -0.59228348731995, 0, 0.80572962760925, 0, 0, 0, 0, 1, },
		{ 0.81396561861038, 0, 0.58091306686401, 0, 0, 1, 0, 0, -0.58091306686401, 0, 0.81396561861038, 0, 0, 0, 0, 1, },
		{ 0.82407921552658, 0, 0.56647455692291, 0, 0, 1, 0, 0, -0.56647455692291, 0, 0.82407921552658, 0, 0, 0, 0, 1, },
		{ 0.83393669128418, 0, 0.55186015367508, 0, 0, 1, 0, 0, -0.55186015367508, 0, 0.83393669128418, 0, 0, 0, 0, 1, },
		{ 0.84353506565094, 0, 0.53707408905029, 0, 0, 1, 0, 0, -0.53707408905029, 0, 0.84353506565094, 0, 0, 0, 0, 1, },
		{ 0.85287129878998, 0, 0.52212119102478, 0, 0, 1, 0, 0, -0.52212119102478, 0, 0.85287129878998, 0, 0, 0, 0, 1, },
		{ 0.8619424700737, 0, 0.50700604915619, 0, 0, 1, 0, 0, -0.50700604915619, 0, 0.8619424700737, 0, 0, 0, 0, 1, },
		{ 0.87328785657883, 0, 0.48720449209213, 0, 0, 1, 0, 0, -0.48720449209213, 0, 0.87328785657883, 0, 0, 0, 0, 1, },
		{ 0.88417845964432, 0, 0.46714925765991, 0, 0, 1, 0, 0, -0.46714925765991, 0, 0.88417845964432, 0, 0, 0, 0, 1, },
		{ 0.89460855722427, 0, 0.44685065746307, 0, 0, 1, 0, 0, -0.44685065746307, 0, 0.89460855722427, 0, 0, 0, 0, 1, },
		{ 0.90457266569138, 0, 0.42631933093071, 0, 0, 1, 0, 0, -0.42631933093071, 0, 0.90457266569138, 0, 0, 0, 0, 1, },
		{ 0.91406571865082, 0, 0.4055660367012, 0, 0, 1, 0, 0, -0.4055660367012, 0, 0.91406571865082, 0, 0, 0, 0, 1, },
		{ 0.92296636104584, 0, 0.38488060235977, 0, 0, 1, 0, 0, -0.38488060235977, 0, 0.92296636104584, 0, 0, 0, 0, 1, },
		{ 0.93139892816544, 0, 0.36400002241135, 0, 0, 1, 0, 0, -0.36400002241135, 0, 0.93139892816544, 0, 0, 0, 0, 1, },
		{ 0.93935924768448, 0, 0.34293472766876, 0, 0, 1, 0, 0, -0.34293472766876, 0, 0.93935924768448, 0, 0, 0, 0, 1, },
		{ 0.94684314727783, 0, 0.32169553637505, 0, 0, 1, 0, 0, -0.32169553637505, 0, 0.94684314727783, 0, 0, 0, 0, 1, },
		{ 0.95384687185287, 0, 0.30029335618019, 0, 0, 1, 0, 0, -0.30029335618019, 0, 0.95384687185287, 0, 0, 0, 0, 1, },
		{ 0.96025097370148, 0, 0.27913817763329, 0, 0, 1, 0, 0, -0.27913817763329, 0, 0.96025097370148, 0, 0, 0, 0, 1, },
		{ 0.96618586778641, 0, 0.2578467130661, 0, 0, 1, 0, 0, -0.2578467130661, 0, 0.96618586778641, 0, 0, 0, 0, 1, },
		{ 0.97164875268936, 0, 0.23642911016941, 0, 0, 1, 0, 0, -0.23642911016941, 0, 0.97164875268936, 0, 0, 0, 0, 1, },
		{ 0.97663682699203, 0, 0.21489611268044, 0, 0, 1, 0, 0, -0.21489611268044, 0, 0.97663682699203, 0, 0, 0, 0, 1, },
		{ 0.98114794492722, 0, 0.1932580769062, 0, 0, 1, 0, 0, -0.1932580769062, 0, 0.98114794492722, 0, 0, 0, 0, 1, },
		{ 0.9847851395607, 0, 0.17377619445324, 0, 0, 1, 0, 0, -0.17377619445324, 0, 0.9847851395607, 0, 0, 0, 0, 1, },
		{ 0.98803555965424, 0, 0.15422600507736, 0, 0, 1, 0, 0, -0.15422600507736, 0, 0.98803555965424, 0, 0, 0, 0, 1, },
		{ 0.99089795351028, 0, 0.13461528718472, 0, 0, 1, 0, 0, -0.13461528718472, 0, 0.99089795351028, 0, 0, 0, 0, 1, },
		{ 0.99337100982666, 0, 0.11495164036751, 0, 0, 1, 0, 0, -0.11495164036751, 0, 0.99337100982666, 0, 0, 0, 0, 1, },
		{ 0.99545401334763, 0, 0.095242872834206, 0, 0, 1, 0, 0, -0.095242872834206, 0, 0.99545401334763, 0, 0, 0, 0, 1, },
		{ 0.99671286344528, 0, 0.081015214323997, 0, 0, 1, 0, 0, -0.081015214323997, 0, 0.99671286344528, 0, 0, 0, 0, 1, },
		{ 0.99776834249496, 0, 0.066771022975445, 0, 0, 1, 0, 0, -0.066771022975445, 0, 0.99776834249496, 0, 0, 0, 0, 1, },
		{ 0.99862021207809, 0, 0.052513245493174, 0, 0, 1, 0, 0, -0.052513245493174, 0, 0.99862021207809, 0, 0, 0, 0, 1, },
		{ 0.99926841259003, 0, 0.038244750350714, 0, 0, 1, 0, 0, -0.038244750350714, 0, 0.99926841259003, 0, 0, 0, 0, 1, },
		{ 0.99971264600754, 0, 0.023968445137143, 0, 0, 1, 0, 0, -0.023968445137143, 0, 0.99971264600754, 0, 0, 0, 0, 1, },
		{ 0.99989837408066, 0, 0.014251036569476, 0, 0, 1, 0, 0, -0.014251036569476, 0, 0.99989837408066, 0, 0, 0, 0, 1, },
		{ 0.9999897480011, 0, 0.0045322887599468, 0, 0, 1, 0, 0, -0.0045322887599468, 0, 0.9999897480011, 0, 0, 0, 0, 1, },
		{ 0.99998646974564, 0, -0.0051868888549507, 0, 0, 1, 0, 0, 0.0051868888549507, 0, 0.99998646974564, 0, 0, 0, 0, 1, },
		{ 0.99988889694214, 0, -0.014905573800206, 0, 0, 1, 0, 0, 0.014905573800206, 0, 0.99988889694214, 0, 0, 0, 0, 1, },
		{ 0.99969673156738, 0, -0.024622850120068, 0, 0, 1, 0, 0, 0.024622850120068, 0, 0.99969673156738, 0, 0, 0, 0, 1, },
		{ 0.99980586767197, 0, -0.01969899982214, 0, 0, 1, 0, 0, 0.01969899982214, 0, 0.99980586767197, 0, 0, 0, 0, 1, },
		{ 0.99989080429077, 0, -0.014774668961763, 0, 0, 1, 0, 0, 0.014774668961763, 0, 0.99989080429077, 0, 0, 0, 0, 1, },
		{ 0.99995148181915, 0, -0.0098499786108732, 0, 0, 1, 0, 0, 0.0098499786108732, 0, 0.99995148181915, 0, 0, 0, 0, 1, },
		{ 0.99998784065247, 0, -0.0049250489100814, 0, 0, 1, 0, 0, 0.0049250489100814, 0, 0.99998784065247, 0, 0, 0, 0, 1, },
		{ 1, 0, 0, 0, 0, 1, 0, 0, 0, 0, 1, 0, 0, 0, 0, 1, },
	},
}
end
