function data()
return {
	times = { 0, 41.667, 83.333, 125, 166.667, 208.333, 250, 291.667, 333.333, 375, 416.667, 458.333, 500, 541.667, 583.333, 625, 666.667, 708.333, 750, 791.667, 833.333, 875, 916.667, 958.333, 1000, 1041.667, 1083.333, 1125, 1166.667, 1208.333, 1250, 1291.667, 1333.333, 1375, 1416.667, 1458.333, 1500, 1541.667, 1583.333, 1625, 1666.667, 1708.333, 1750, 1791.667, 1833.333, 1875, 1916.667, 1958.333, 2000, 2041.667, 2083.333, 2125, 2166.667, 2208.333, 2250, 2291.667, 2333.333, 2375, 2416.667, 2458.333, 2500, 2541.667, 2583.333, 2625, 2666.667, 2708.333, 2750, 2791.667, 2833.333, 2875, 2916.667, 2958.333, 3000, 3041.667, 3083.333, 3125, 3166.667, 3208.333, 3250, 3291.667, 3333.333, 3375, 3416.667, 3458.333, 3500, 3541.667, 3583.333, 3625, 3666.667, 3708.333, 3750, 3791.667, 3833.333, 3875, 3916.667, 3958.333, 4000, 4041.667, 4083.333, 4125, 4166.667, },
	transfs = {
		{ 1, -2.7755575615629e-17, 6.0080641137462e-22, 0, 0, 1, -2.168404344971e-19, 0, 6.0080636088752e-22, -2.168404344971e-19, 1, 0, 7.6293943607197e-08, -7.6293943607197e-08, 0, 1, },
		{ 0.99999892711639, -2.8310687127941e-15, -0.0014223046600819, 0, 2.1371793224034e-15, 1, -4.9094869879543e-13, 0, 0.0014223046600819, 4.9094506671815e-13, 0.99999892711639, 0, 0.0011627196799964, -7.6293943607197e-08, 0.0031094360165298, 1, },
		{ 0.99998646974564, -1.3711254354121e-14, -0.0051931254565716, 0, 4.4131360993685e-15, 1, -1.7925731428739e-12, 0, 0.0051931254565716, 1.7925256548187e-12, 0.99998646974564, 0, 0.0022747803013772, -7.6293943607197e-08, 0.011232223361731, 1, },
		{ 0.9999440908432, -3.7692071686024e-14, -0.0105682304129, 0, -8.3266721552931e-16, 1, -3.6480111466342e-12, 0, 0.0105682304129, 3.6478159902431e-12, 0.9999440908432, 0, 0.0033541107550263, -7.6293943607197e-08, 0.022597121074796, 1, },
		{ 0.99985879659653, -7.8020916279269e-14, -0.016803255304694, 0, -1.942890293094e-14, 1, -5.800350651175e-12, 0, 0.016803255304694, 5.799857556027e-12, 0.99985879659653, 0, 0.0057012173347175, -7.6293943607197e-08, 0.035445097833872, 1, },
		{ 0.99973183870316, -1.3286594047202e-13, -0.023153834044933, 0, -5.2208237732998e-14, 1, -7.9926473425806e-12, 0, 0.023153834044933, 7.9917114592654e-12, 0.99973183870316, 0, 0.0084992982447147, -7.6293943607197e-08, 0.047995984554291, 1, },
		{ 0.99957883358002, -1.9589885269511e-13, -0.029020369052887, 0, -9.484079510234e-14, 1, -1.0017910979931e-11, 0, 0.029020369052887, 1.0016441669147e-11, 0.99957883358002, 0, 0.011675338260829, -7.6293943607197e-08, 0.058846969157457, 1, },
		{ 0.99940878152847, -2.6395552410463e-13, -0.034381646662951, 0, -1.4421797089881e-13, 1, -1.1868797611392e-11, 0, 0.034381646662951, 1.1866736759902e-11, 0.99940878152847, 0, 0.015256805345416, -7.6293943607197e-08, 0.0680748000741, 1, },
		{ 0.99922502040863, -3.360089984028e-13, -0.03936093300581, 0, -1.9897970803592e-13, 1, -1.3587854799657e-11, 0, 0.03936093300581, 1.3585153835205e-11, 0.99922502040863, 0, 0.019296035170555, -7.6293943607197e-08, 0.076126553118229, 1, },
		{ 0.99902784824371, -4.122812930895e-13, -0.044081520289183, 0, -2.5879298704012e-13, 1, -1.5217637913678e-11, 0, 0.044081520289183, 1.521424999873e-11, 0.99902784824371, 0, 0.023846128955483, -7.6293943607197e-08, 0.083448715507984, 1, },
		{ 0.99881505966187, -4.9374393462642e-13, -0.048666585236788, 0, -3.2429614549301e-13, 1, -1.6800670230022e-11, 0, 0.048666585236788, 1.6796541588149e-11, 0.99881505966187, 0, 0.028959503397346, -7.6293943607197e-08, 0.090488277375698, 1, },
		{ 0.99858373403549, -5.8150706472304e-13, -0.053203191608191, 0, -3.9623857038366e-13, 1, -1.8367007567632e-11, 0, 0.053203191608191, 1.8362068809896e-11, 0.99858373403549, 0, 0.034672316163778, -7.6293943607197e-08, 0.097590938210487, 1, },
		{ 0.9983377456665, -6.7409966497678e-13, -0.057634234428406, 0, -4.7342685327578e-13, 1, -1.9896927855312e-11, 0, 0.057634234428406, 1.9891135613626e-11, 0.9983377456665, 0, 0.040956113487482, -7.6293943607197e-08, 0.10469863563776, 1, },
		{ 0.99808442592621, -7.6894046685538e-13, -0.061866607517004, 0, -5.5350168892687e-13, 1, -2.1358293605944e-11, 0, 0.061866607517004, 2.1351618390009e-11, 0.99808442592621, 0, 0.04776619002223, -7.6293943607197e-08, 0.11165229231119, 1, },
		{ 0.99783229827881, -8.6278206801182e-13, -0.065807342529297, 0, -6.336597370947e-13, 1, -2.2718981210201e-11, 0, 0.065807342529297, 2.271142995891e-11, 0.99783229827881, 0, 0.055057752877474, -7.6293943607197e-08, 0.11829261481762, 1, },
		{ 0.99759149551392, -9.5212715749832e-13, -0.069363586604595, 0, -7.1062600248695e-13, 1, -2.3946938182418e-11, 0, 0.069363586604595, 2.3938547324964e-11, 0.99759149551392, 0, 0.062786027789116, -7.6293943607197e-08, 0.12446067482233, 1, },
		{ 0.99737131595612, -1.0335343691992e-12, -0.072460845112801, 0, -7.8126388821861e-13, 1, -2.501642643038e-11, 0, 0.072460845112801, 2.5007267090427e-11, 0.99737131595612, 0, 0.070903778076172, -7.6293943607197e-08, 0.13002517819405, 1, },
		{ 0.99717622995377, -1.1054490656193e-12, -0.075097844004631, 0, -8.4399148910994e-13, 1, -2.5926993191261e-11, 0, 0.075097844004631, 2.5917155574429e-11, 0.99717622995377, 0, 0.079353407025337, -7.6293943607197e-08, 0.13496565818787, 1, },
		{ 0.99700850248337, -1.1671496017926e-12, -0.077291496098042, 0, -8.9800383925795e-13, 1, -2.6684484483175e-11, 0, 0.077291496098042, 2.6674067468702e-11, 0.99700850248337, 0, 0.088075257837772, -7.6293943607197e-08, 0.13929007947445, 1, },
		{ 0.99686992168427, -1.2180533274717e-12, -0.079058729112148, 0, -9.4280139251168e-13, 1, -2.7294735915895e-11, 0, 0.079058729112148, 2.7283833178848e-11, 0.99686992168427, 0, 0.09700957685709, -7.6293943607197e-08, 0.14300566911697, 1, },
		{ 0.99676138162613, -1.2578826869003e-12, -0.080416418612003, 0, -9.7788444008984e-13, 1, -2.776357095613e-11, 0, 0.080416418612003, 2.7752293518812e-11, 0.99676138162613, 0, 0.106096111238, -7.6293943607197e-08, 0.14612053334713, 1, },
		{ 0.9966824054718, -1.2868317522674e-12, -0.081389404833317, 0, -1.0034749723872e-12, 1, -2.8099557403127e-11, 0, 0.081389404833317, 2.8088002410054e-11, 0.9966824054718, 0, 0.11528327316046, -7.6293943607197e-08, 0.14864386618137, 1, },
		{ 0.99662953615189, -1.3062328996227e-12, -0.082034043967724, 0, -1.0206002709623e-12, 1, -2.8322169262629e-11, 0, 0.082034043967724, 2.8310432123591e-11, 0.99662953615189, 0, 0.12455154210329, -7.6293943607197e-08, 0.15059341490269, 1, },
		{ 0.99659812450409, -1.3177235995074e-12, -0.082414880394936, 0, -1.0307865672132e-12, 1, -2.8453676914619e-11, 0, 0.082414880394936, 2.8441827018555e-11, 0.99659812450409, 0, 0.13389191031456, -7.6293943607197e-08, 0.15172149240971, 1, },
		{ 0.99658870697021, -1.3211653993039e-12, -0.082528576254845, 0, -1.0338396805309e-12, 1, -2.8492944115222e-11, 0, 0.082528576254845, 2.8481061259411e-11, 0.99658870697021, 0, 0.14328490197659, -7.6293943607197e-08, 0.15285003185272, 1, },
		{ 0.9965792298317, -1.3246348462559e-12, -0.082642294466496, 0, -1.0368649298528e-12, 1, -2.8532211315824e-11, 0, 0.082642294466496, 2.8520295500267e-11, 0.9965792298317, 0, 0.15273512899876, -7.6293943607197e-08, 0.15239319205284, 1, },
		{ 0.99661064147949, -1.3131717935266e-12, -0.082263350486755, 0, -1.0267342531733e-12, 1, -2.840135071569e-11, 0, 0.082263350486755, 2.8389544187712e-11, 0.99661064147949, 0, 0.16220931708813, -7.6293943607197e-08, 0.1519367992878, 1, },
		{ 0.99669861793518, -1.2808920590857e-12, -0.081189684569836, 0, -9.9820152144048e-13, 1, -2.8030595206063e-11, 0, 0.081189684569836, 2.8019095724141e-11, 0.99669861793518, 0, 0.17166548967361, -7.6293943607197e-08, 0.15148009359837, 1, },
		{ 0.99683356285095, -1.231403867763e-12, -0.079516053199768, 0, -9.5454200099709e-13, 1, -2.7452654732807e-11, 0, 0.079516053199768, 2.7441625360947e-11, 0.99683356285095, 0, 0.18105658888817, -7.6293943607197e-08, 0.15102271735668, 1, },
		{ 0.99700492620468, -1.1684264666911e-12, -0.077337227761745, 0, -8.9914181785819e-13, 1, -2.67002774057e-11, 0, 0.077337227761745, 2.6689844778716e-11, 0.99700492620468, 0, 0.19034926593304, -7.6293943607197e-08, 0.14909461140633, 1, },
		{ 0.99720245599747, -1.0957622613092e-12, -0.074747830629349, 0, -8.3552609275728e-13, 1, -2.5806133271966e-11, 0, 0.074747830629349, 2.5796389330202e-11, 0.99720245599747, 0, 0.19948790967464, -7.6293943607197e-08, 0.14649550616741, 1, },
		{ 0.9974165558815, -1.0167977571029e-12, -0.07183438539505, 0, -7.6669221102041e-13, 1, -2.4800106412926e-11, 0, 0.07183438539505, 2.4791106667532e-11, 0.9974165558815, 0, 0.20842917263508, -7.6293943607197e-08, 0.14320068061352, 1, },
		{ 0.9976407289505, -9.3386409716345e-13, -0.068650141358376, 0, -6.9483307996165e-13, 1, -2.3700581427977e-11, 0, 0.068650141358376, 2.3692365777594e-11, 0.9976407289505, 0, 0.21714507043362, -7.6293943607197e-08, 0.13925056159496, 1, },
		{ 0.99786955118179, -8.4893198156952e-13, -0.065239958465099, 0, -6.2178035073121e-13, 1, -2.2523070214442e-11, 0, 0.065239958465099, 2.2515649067412e-11, 0.99786955118179, 0, 0.22561164200306, -7.6293943607197e-08, 0.13470214605331, 1, },
		{ 0.99809783697128, -7.6388895209334e-13, -0.061648909002542, 0, -5.4922727607196e-13, 1, -2.1283124568283e-11, 0, 0.061648909002542, 2.1276497924605e-11, 0.99809783697128, 0, 0.23380492627621, -7.6293943607197e-08, 0.12961226701736, 1, },
		{ 0.99832105636597, -6.803723708558e-13, -0.057922046631575, 0, -4.7864490149152e-13, 1, -1.9996306693804e-11, 0, 0.057922046631575, 1.9990453736796e-11, 0.99832105636597, 0, 0.24170081317425, -7.6293943607197e-08, 0.12403823435307, 1, },
		{ 0.99853593111038, -5.9952043329758e-13, -0.054091993719339, 0, -4.1117109716993e-13, 1, -1.867388361998e-11, 0, 0.054091993719339, 1.8668781798237e-11, 0.99853593111038, 0, 0.24927131831646, -7.6293943607197e-08, 0.11803153902292, 1, },
		{ 0.99874210357666, -5.2147170045633e-13, -0.050141654908657, 0, -3.4691693961975e-13, 1, -1.7309955552269e-11, 0, 0.050141654908657, 1.7305573640769e-11, 0.99874210357666, 0, 0.25647261738777, -7.6293943607197e-08, 0.11162315309048, 1, },
		{ 0.99893945455551, -4.461986064918e-13, -0.04604148119688, 0, -2.8588242884098e-13, 1, -1.5894325786081e-11, 0, 0.04604148119688, 1.5890632559801e-11, 0.99893945455551, 0, 0.26325646042824, -7.6293943607197e-08, 0.10483924299479, 1, },
		{ 0.99912750720978, -3.7386760354252e-13, -0.041761931031942, 0, -2.2842838731663e-13, 1, -1.44167958821e-11, 0, 0.041761931031942, 1.4413754911846e-11, 0.99912750720978, 0, 0.26957497000694, -7.6293943607197e-08, 0.097705461084843, 1, },
		{ 0.99930512905121, -3.0475622025961e-13, -0.037273429334164, 0, -1.7494339310531e-13, 1, -1.2867155257945e-11, 0, 0.037273429334164, 1.2864733583973e-11, 0.99930512905121, 0, 0.27537992596626, -7.6293943607197e-08, 0.090247876942158, 1, },
		{ 0.99946975708008, -2.3972490659219e-13, -0.032561857253313, 0, -1.2634338020234e-13, 1, -1.1240541483715e-11, 0, 0.032561857253313, 1.1238692268489e-11, 0.99946975708008, 0, 0.28063574433327, -7.6293943607197e-08, 0.082489468157291, 1, },
		{ 0.99961704015732, -1.8041124150159e-13, -0.027675047516823, 0, -8.4016120612245e-14, 1, -9.5534708616229e-12, 0, 0.027675047516823, 9.5521325224612e-12, 0.99961704015732, 0, 0.28535613417625, -7.6293943607197e-08, 0.074441909790039, 1, },
		{ 0.99974274635315, -1.2825851491982e-13, -0.022676350548863, 0, -4.9266146717741e-14, 1, -7.8278139178933e-12, 0, 0.022676350548863, 7.8269161984945e-12, 0.99974274635315, 0, 0.28956726193428, -7.6293943607197e-08, 0.066114574670792, 1, },
		{ 0.99984455108643, -8.4349194295896e-14, -0.017629133537412, 0, -2.2926105458509e-14, 1, -6.0854507197283e-12, 0, 0.017629133537412, 6.0849073175995e-12, 0.99984455108643, 0, 0.29329437017441, -7.6293943607197e-08, 0.057516172528267, 1, },
		{ 0.99992060661316, -4.9321657868973e-14, -0.012596841901541, 0, -5.4400923971468e-15, 1, -4.3482834520547e-12, 0, 0.012596841901541, 4.3480063299794e-12, 0.99992060661316, 0, 0.29656401276588, -7.6293943607197e-08, 0.048656158149242, 1, },
		{ 0.9999708533287, -2.337019466836e-14, -0.0076348166912794, 0, 3.2474021352703e-15, 1, -2.6354166245135e-12, 0, 0.0076348166912794, 2.6353147095093e-12, 0.9999708533287, 0, 0.29938703775406, -7.6293943607197e-08, 0.039549026638269, 1, },
		{ 0.99999618530273, -6.133982211054e-15, -0.0027660373598337, 0, 3.4972025275692e-15, 1, -9.5478020021439e-13, 0, 0.0027660373598337, 9.5476653926702e-13, 0.99999618530273, 0, 0.30171501636505, -7.6293943607197e-08, 0.030232237651944, 1, },
		{ 0.99999803304672, 2.747801774189e-15, 0.0019946256652474, 0, -4.1633363423443e-15, 1, 6.8849646036456e-13, 0, -0.0019946256652474, -6.885036160989e-13, 0.99999803304672, 0, 0.30348426103592, -7.6293943607197e-08, 0.020748671144247, 1, },
		{ 0.99997800588608, 3.9135361618037e-15, 0.0066323103383183, 0, -1.9123591599168e-14, 1, 2.2892855146284e-12, 0, -0.0066323103383183, -2.2893620593017e-12, 0.99997800588608, 0, 0.30360594391823, -7.6293943607197e-08, 0.011130828410387, 1, },
		{ 0.99993807077408, -2.0261568081827e-15, 0.011132179759443, 0, -4.0772940579359e-14, 1, 3.8424688778016e-12, 0, -0.011132179759443, -3.8426844171935e-12, 0.99993807077408, 0, 0.30372840166092, -7.6293943607197e-08, 0.0014394378522411, 1, },
		{ 0.99988013505936, -1.4460654895743e-14, 0.01548311393708, 0, -6.8334227165678e-14, 1, 5.3442129194226e-12, 0, -0.01548311393708, -5.3446296867377e-12, 0.99988013505936, 0, 0.30385106801987, -7.6293943607197e-08, -0.0082807159051299, 1, },
		{ 0.99980616569519, -3.2640553535848e-14, 0.019688833504915, 0, -1.0114131076709e-13, 1, 6.7958035032678e-12, 0, -0.019688833504915, -6.7964770096574e-12, 0.99980616569519, 0, 0.30397352576256, -7.6293943607197e-08, -0.017978744581342, 1, },
		{ 0.99971777200699, -5.6094014931054e-14, 0.023756757378578, 0, -1.3872236692691e-13, 1, 8.1998062853583e-12, 0, -0.023756757378578, -8.200787271484e-12, 0.99971777200699, 0, 0.30247747898102, -7.6293943607197e-08, -0.027619017288089, 1, },
		{ 0.99961644411087, -8.4210416417818e-14, 0.027694340795279, 0, -1.8055000582714e-13, 1, 9.5587929932472e-12, 0, -0.027694340795279, -9.5601269956003e-12, 0.99961644411087, 0, 0.30040243268013, -7.6293943607197e-08, -0.037138748914003, 1, },
		{ 0.99950349330902, -1.1657341758564e-13, 0.031509019434452, 0, -2.2620794126738e-13, 1, 1.0875336221849e-11, 0, -0.031509019434452, -1.0877064873793e-11, 0.99950349330902, 0, 0.29778242111206, -7.6293943607197e-08, -0.046485252678394, 1, },
		{ 0.99938017129898, -1.5268342146157e-13, 0.035202376544476, 0, -2.7519653222896e-13, 1, 1.2149986745869e-11, 0, -0.035202376544476, -1.2152143007149e-11, 0.99938017129898, 0, 0.29464188218117, -7.6293943607197e-08, -0.055609472095966, 1, },
		{ 0.99924886226654, -1.918465251027e-13, 0.038752485066652, 0, -3.2671088057157e-13, 1, 1.3375178568864e-11, 0, -0.038752485066652, -1.3377790195057e-11, 0.99924886226654, 0, 0.29096847772598, -7.6293943607197e-08, -0.064473986625671, 1, },
		{ 0.99911206960678, -2.3317456364184e-13, 0.042131572961807, 0, -3.7980729672427e-13, 1, 1.4541322139461e-11, 0, -0.042131572961807, -1.4544412549333e-11, 0.99911206960678, 0, 0.28674077987671, -7.6293943607197e-08, -0.073045007884502, 1, },
		{ 0.99897289276123, -2.7566837701443e-13, 0.045311883091927, 0, -4.3337555766243e-13, 1, 1.5638849590327e-11, 0, -0.045311883091927, -1.5642423120688e-11, 0.99897289276123, 0, 0.28193724155426, -7.6293943607197e-08, -0.081288143992424, 1, },
		{ 0.99883460998535, -3.1830094116003e-13, 0.048265639692545, 0, -4.8630544036143e-13, 1, 1.6658181778428e-11, 0, -0.048265639692545, -1.6662237561915e-11, 0.99883460998535, 0, 0.27653625607491, -7.6293943607197e-08, -0.089169807732105, 1, },
		{ 0.99870020151138, -3.5993427747842e-13, 0.050969164818525, 0, -5.3734794391858e-13, 1, 1.7591143819384e-11, 0, -0.050969164818525, -1.7595664508763e-11, 0.99870020151138, 0, 0.27053505182266, -7.6293943607197e-08, -0.096658021211624, 1, },
		{ 0.99857234954834, -3.9981906674313e-13, 0.053414683789015, 0, -5.8569810243089e-13, 1, 1.8435059034871e-11, 0, -0.053414683789015, -1.8440027282907e-11, 0.99857234954834, 0, 0.26400536298752, -7.6293943607197e-08, -0.1037301197648, 1, },
		{ 0.99845314025879, -4.3717804441672e-13, 0.055598426610231, 0, -6.3066218913832e-13, 1, 1.9188628117006e-11, 0, -0.055598426610231, -1.9194010963952e-11, 0.99845314025879, 0, 0.25703758001328, -7.6293943607197e-08, -0.11036586761475, 1, },
		{ 0.99834454059601, -4.7131742952899e-13, 0.057516619563103, 0, -6.7151834223442e-13, 1, 1.9850558696799e-11, 0, -0.057516619563103, -1.9856317978739e-11, 0.99834454059601, 0, 0.24972228705883, -7.6293943607197e-08, -0.11654479801655, 1, },
		{ 0.99824815988541, -5.0173748619362e-13, 0.059165496379137, 0, -7.0765615589607e-13, 1, 2.0419544527472e-11, 0, -0.059165496379137, -2.0425638611044e-11, 0.99824815988541, 0, 0.24214987456799, -7.6293943607197e-08, -0.12224654853344, 1, },
		{ 0.99816519021988, -5.2793880378488e-13, 0.06054949015379, 0, -7.3871464500996e-13, 1, 2.089712430875e-11, 0, -0.06054949015379, -2.0903508091141e-11, 0.99816519021988, 0, 0.23438818752766, -7.6293943607197e-08, -0.12745532393456, 1, },
		{ 0.99809437990189, -5.5039306445792e-13, 0.061705783009529, 0, -7.6519346414727e-13, 1, 2.1296124586012e-11, 0, -0.061705783009529, -2.1302758168584e-11, 0.99809437990189, 0, 0.22641441226006, -7.6293943607197e-08, -0.13217349350452, 1, },
		{ 0.9980337023735, -5.6965543393517e-13, 0.062679775059223, 0, -7.8781425827401e-13, 1, 2.1632222055312e-11, 0, -0.062679775059223, -2.1639063804701e-11, 0.9980337023735, 0, 0.21818359196186, -7.6293943607197e-08, -0.13640822470188, 1, },
		{ 0.99798077344894, -5.8647525854813e-13, 0.063516825437546, 0, -8.0752071696111e-13, 1, 2.1921058718233e-11, 0, -0.063516825437546, -2.1928084348311e-11, 0.99798077344894, 0, 0.20965079963207, -7.6293943607197e-08, -0.14016638696194, 1, },
		{ 0.99793303012848, -6.0162985704437e-13, 0.064262300729752, 0, -8.2528428535511e-13, 1, 2.2178297393038e-11, 0, -0.064262300729752, -2.218548955657e-11, 0.99793303012848, 0, 0.20077055692673, -7.6293943607197e-08, -0.14345501363277, 1, },
		{ 0.99788868427277, -6.1575744503273e-13, 0.064947508275509, 0, -8.4177109727079e-13, 1, 2.2414741937538e-11, 0, -0.064947508275509, -2.2422085022011e-11, 0.99788868427277, 0, 0.19152228534222, -7.6293943607197e-08, -0.14627128839493, 1, },
		{ 0.99784934520721, -6.2824745405976e-13, 0.065547809004784, 0, -8.5639823141012e-13, 1, 2.2621881798357e-11, 0, -0.065547809004784, -2.2629365395432e-11, 0.99784934520721, 0, 0.18198356032372, -7.6293943607197e-08, -0.14857345819473, 1, },
		{ 0.99781799316406, -6.38267216857e-13, 0.066024474799633, 0, -8.6805562737879e-13, 1, 2.2786359604732e-11, 0, -0.066024474799633, -2.2793952489386e-11, 0.99781799316406, 0, 0.17225623130798, -7.6293943607197e-08, -0.15030983090401, 1, },
		{ 0.99779713153839, -6.4492855500475e-13, 0.066338837146759, 0, -8.7579937876545e-13, 1, 2.2894833598408e-11, 0, -0.066338837146759, -2.2902499341448e-11, 0.99779713153839, 0, 0.1624391078949, -7.6293943607197e-08, -0.15109451115131, 1, },
		{ 0.9977895617485, -6.4734329008331e-13, 0.066452234983444, 0, -8.7860269190262e-13, 1, 2.2933965490579e-11, 0, -0.066452234983444, -2.2941655519748e-11, 0.9977895617485, 0, 0.1526442617178, -7.6293943607197e-08, -0.15187892317772, 1, },
		{ 0.99779665470123, -6.4506727867272e-13, 0.066345438361168, 0, -8.7596596642925e-13, 1, 2.2897111290332e-11, 0, -0.066345438361168, -2.2904777033372e-11, 0.99779665470123, 0, 0.14294563233852, -7.6293943607197e-08, -0.15132331848145, 1, },
		{ 0.99781715869904, -6.3854477261316e-13, 0.066036768257618, 0, -8.6836088450046e-13, 1, 2.2790604473077e-11, 0, -0.066036768257618, -2.2798199092455e-11, 0.99781715869904, 0, 0.13338279724121, -7.6293943607197e-08, -0.15076625347137, 1, },
		{ 0.99784964323044, -6.2816418733291e-13, 0.065543852746487, 0, -8.5628720910766e-13, 1, 2.2620516570981e-11, 0, -0.065543852746487, -2.262799669861e-11, 0.99784964323044, 0, 0.12395805120468, -7.6293943607197e-08, -0.14928135275841, 1, },
		{ 0.99789267778397, -6.1445287876868e-13, 0.06488424539566, 0, -8.4024448640183e-13, 1, 2.2392910442592e-11, 0, -0.06488424539566, -2.2400239649278e-11, 0.99789267778397, 0, 0.11468589305878, -7.6293943607197e-08, -0.14722496271133, 1, },
		{ 0.99794501066208, -5.9782734318503e-13, 0.064075566828251, 0, -8.2081558347089e-13, 1, 2.2113861089523e-11, 0, -0.064075566828251, -2.2121011619691e-11, 0.99794501066208, 0, 0.10557799786329, -7.6293943607197e-08, -0.14463271200657, 1, },
		{ 0.99800580739975, -5.7848170698094e-13, 0.063120998442173, 0, -7.9813933240303e-13, 1, 2.1784473530628e-11, 0, -0.063120998442173, -2.1791410689809e-11, 0.99800580739975, 0, 0.096648633480072, -7.6293943607197e-08, -0.14152450859547, 1, },
		{ 0.99807816743851, -5.555000903712e-13, 0.061966396868229, 0, -7.7118866848025e-13, 1, 2.1386056120454e-11, 0, -0.061966396868229, -2.139274174473e-11, 0.99807816743851, 0, 0.087921753525734, -7.6293943607197e-08, -0.13785736262798, 1, },
		{ 0.99816554784775, -5.2785553705803e-13, 0.060543149709702, 0, -7.3857586713189e-13, 1, 2.0894933353e-11, 0, -0.060543149709702, -2.0901317135391e-11, 0.99816554784775, 0, 0.079424433410168, -7.6293943607197e-08, -0.13357242941856, 1, },
		{ 0.99827080965042, -4.9457660189489e-13, 0.058782678097486, 0, -6.991906511232e-13, 1, 2.0287443600053e-11, 0, -0.058782678097486, -2.0293459621068e-11, 0.99827080965042, 0, 0.071183167397976, -7.6293943607197e-08, -0.12861083447933, 1, },
		{ 0.99839603900909, -4.5513592894508e-13, 0.056616310030222, 0, -6.5220051581605e-13, 1, 1.9539883600039e-11, 0, -0.056616310030222, -1.9545460736015e-11, 0.99839603900909, 0, 0.063224792480469, -7.6293943607197e-08, -0.12291388958693, 1, },
		{ 0.99854040145874, -4.0983882954038e-13, 0.054010272026062, 0, -5.9779953339931e-13, 1, 1.8640585602858e-11, 0, -0.054010272026062, -1.8645664873196e-11, 0.99854040145874, 0, 0.055579755455256, -7.6293943607197e-08, -0.1164722815156, 1, },
		{ 0.99869501590729, -3.615718835448e-13, 0.051070488989353, 0, -5.3929083421167e-13, 1, 1.7626108905766e-11, 0, -0.051070488989353, -1.7630648677103e-11, 0.99869501590729, 0, 0.04829216003418, -7.6293943607197e-08, -0.10947483032942, 1, },
		{ 0.99885034561157, -3.1341595985168e-13, 0.047937840223312, 0, -4.8025472487723e-13, 1, 1.6545058725836e-11, 0, -0.047937840223312, -1.6549058998172e-11, 0.99885034561157, 0, 0.041410367935896, -7.6293943607197e-08, -0.10215991735458, 1, },
		{ 0.99899804592133, -2.6795232699328e-13, 0.044753350317478, 0, -4.2371661734819e-13, 1, 1.5446104464911e-11, 0, -0.044753350317478, -1.5449589524374e-11, 0.99899804592133, 0, 0.034981764853001, -7.6293943607197e-08, -0.09476600587368, 1, },
		{ 0.99913191795349, -2.2715161728578e-13, 0.041658066213131, 0, -3.7211897517368e-13, 1, 1.4377915524832e-11, 0, -0.041658066213131, -1.4380934811042e-11, 0.99913191795349, 0, 0.029054794460535, -7.6293943607197e-08, -0.08753127604723, 1, },
		{ 0.99925005435944, -1.9148571617222e-13, 0.038721054792404, 0, -3.2621128021049e-13, 1, 1.336432700616e-11, 0, -0.038721054792404, -1.3366936030268e-11, 0.99925005435944, 0, 0.023668821901083, -7.6293943607197e-08, -0.080570869147778, 1, },
		{ 0.99936163425446, -1.5815126985785e-13, 0.035722900182009, 0, -2.8246849304026e-13, 1, 1.2329628637509e-11, 0, -0.035722900182009, -1.2331848216196e-11, 0.99936163425446, 0, 0.018829574808478, -7.6293943607197e-08, -0.073506280779839, 1, },
		{ 0.99947583675385, -1.2459477893856e-13, 0.032371960580349, 0, -2.3722690478678e-13, 1, 1.1173158752376e-11, 0, -0.032371960580349, -1.1174981079387e-11, 0.99947583675385, 0, 0.014534988440573, -7.6293943607197e-08, -0.065835684537888, 1, },
		{ 0.99959725141525, -8.9622753662866e-14, 0.02837648242712, 0, -1.8837707815075e-13, 1, 9.794219255066e-12, 0, -0.02837648242712, -9.7956209116346e-12, 0.99959725141525, 0, 0.010782928206027, -7.6293943607197e-08, -0.057056959718466, 1, },
		{ 0.99972504377365, -5.4095616874861e-14, 0.023444565013051, 0, -1.3564149803358e-13, 1, 8.0920556713715e-12, 0, -0.023444565013051, -8.0930123713685e-12, 0.99972504377365, 0, 0.007570571731776, -7.6293943607197e-08, -0.046668395400047, 1, },
		{ 0.99984705448151, -2.2370992252131e-14, 0.017488025128841, 0, -8.3211215695655e-14, 1, 6.0362053896923e-12, 0, -0.017488025128841, -6.0367366487568e-12, 0.99984705448151, 0, 0.0048996731638908, -7.6293943607197e-08, -0.034543991088867, 1, },
		{ 0.99993693828583, -2.2482016248659e-15, 0.011233981698751, 0, -4.1328052091671e-14, 1, 3.8776070028501e-12, 0, -0.011233981698751, -3.8778264453698e-12, 0.99993693828583, 0, 0.0030689239501953, -7.6293943607197e-08, -0.022058486938477, 1, },
		{ 0.99998414516449, 4.3021142204225e-15, 0.0056137167848647, 0, -1.5210055437365e-14, 1, 1.9377008678156e-12, 0, -0.0056137167848647, -1.9377557284456e-12, 0.99998414516449, 0, 0.0012522124452516, -7.6293943607197e-08, -0.010974121280015, 1, },
		{ 0.99999874830246, 2.2759572004816e-15, 0.0015586251392961, 0, -3.1086244689504e-15, 1, 5.3800009152533e-13, 0, -0.0015586251392961, -5.3800453675423e-13, 0.99999874830246, 0, 0.00060142518486828, -7.6293943607197e-08, -0.0030329893343151, 1, },
		{ 1, -2.7755575615629e-17, 6.0080641137462e-22, 0, 0, 1, -2.168404344971e-19, 0, 6.0080636088752e-22, -2.168404344971e-19, 1, 0, 7.6293943607197e-08, -7.6293943607197e-08, 0, 1, },
	},
}
end
