function data()
return {
	times = { 0, 41.667, 83.333, 125, 166.667, 208.333, 250, 291.667, 333.333, 375, 416.667, 458.333, 500, 541.667, 583.333, 625, 666.667, 708.333, 750, 791.667, 833.333, 875, 916.667, 958.333, 1000, 1041.667, 1083.333, 1125, 1166.667, 1208.333, 1250, 1291.667, 1333.333, 1375, 1416.667, 1458.333, 1500, 1541.667, 1583.333, 1625, 1666.667, 1708.333, 1750, 1791.667, 1833.333, 1875, 1916.667, 1958.333, 2000, 2041.667, 2083.333, 2125, 2166.667, 2208.333, 2250, 2291.667, 2333.333, 2375, 2416.667, 2458.333, 2500, 2541.667, 2583.333, 2625, 2666.667, 2708.333, 2750, 2791.667, 2833.333, 2875, 2916.667, 2958.333, 3000, 3041.667, 3083.333, 3125, 3166.667, 3208.333, 3250, 3291.667, 3333.333, 3375, 3416.667, 3458.333, 3500, 3541.667, 3583.333, 3625, 3666.667, 3708.333, 3750, 3791.667, 3833.333, 3875, 3916.667, 3958.333, 4000, 4041.667, 4083.333, 4125, 4166.667, },
	transfs = {
		{ 1, 0, 0, 0, 0, 1, 0, 0, 0, 0, 1, 0, 0, 0, 0, 1, },
		{ 0.99998849630356, 0, -0.004786504432559, 0, 0, 1, 0, 0, 0.004786504432559, 0, 0.99998849630356, 0, 0.0015502929454669, 0, 0.0092977900058031, 1, },
		{ 0.99995416402817, 0, -0.0095728999003768, 0, 0, 1, 0, 0, 0.0095728999003768, 0, 0.99995416402817, 0, 0.0031005095224828, 0, 0.018595656380057, 1, },
		{ 0.99989688396454, 0, -0.014359073713422, 0, 0, 1, 0, 0, 0.014359073713422, 0, 0.99989688396454, 0, 0.0046507259830832, 0, 0.02789344638586, 1, },
		{ 0.99981671571732, 0, -0.019144922494888, 0, 0, 1, 0, 0, 0.019144922494888, 0, 0.99981671571732, 0, 0.0062010190449655, 0, 0.037191238254309, 1, },
		{ 0.99971359968185, 0, -0.023930329829454, 0, 0, 1, 0, 0, 0.023930329829454, 0, 0.99971359968185, 0, 0.0077513121068478, 0, 0.046489026397467, 1, },
		{ 0.99958425760269, 0, -0.028832256793976, 0, 0, 1, 0, 0, 0.028832256793976, 0, 0.99958425760269, 0, 0.011897506192327, 0, 0.05525153875351, 1, },
		{ 0.99943083524704, 0, -0.033733509480953, 0, 0, 1, 0, 0, 0.033733509480953, 0, 0.99943083524704, 0, 0.016043623909354, 0, 0.064013972878456, 1, },
		{ 0.99925345182419, 0, -0.038633923977613, 0, 0, 1, 0, 0, 0.038633923977613, 0, 0.99925345182419, 0, 0.020189817994833, 0, 0.072776414453983, 1, },
		{ 0.99905198812485, 0, -0.043533425778151, 0, 0, 1, 0, 0, 0.043533425778151, 0, 0.99905198812485, 0, 0.024336013942957, 0, 0.08153884857893, 1, },
		{ 0.99882650375366, 0, -0.048431880772114, 0, 0, 1, 0, 0, 0.048431880772114, 0, 0.99882650375366, 0, 0.028482208028436, 0, 0.090301357209682, 1, },
		{ 0.9986270070076, 0, -0.052384681999683, 0, 0, 1, 0, 0, 0.052384681999683, 0, 0.9986270070076, 0, 0.035550840198994, 0, 0.096858747303486, 1, },
		{ 0.99841177463531, 0, -0.056336678564548, 0, 0, 1, 0, 0, 0.056336678564548, 0, 0.99841177463531, 0, 0.042619626969099, 0, 0.1034160554409, 1, },
		{ 0.99818098545074, 0, -0.060287788510323, 0, 0, 1, 0, 0, 0.060287788510323, 0, 0.99818098545074, 0, 0.049688339233398, 0, 0.10997352004051, 1, },
		{ 0.99793457984924, 0, -0.064237959682941, 0, 0, 1, 0, 0, 0.064237959682941, 0, 0.99793457984924, 0, 0.056757047772408, 0, 0.11653083562851, 1, },
		{ 0.99767249822617, 0, -0.068187087774277, 0, 0, 1, 0, 0, 0.068187087774277, 0, 0.99767249822617, 0, 0.063825756311417, 0, 0.12308822572231, 1, },
		{ 0.99750673770905, 0, -0.070571005344391, 0, 0, 1, 0, 0, 0.070571005344391, 0, 0.99750673770905, 0, 0.072096399962902, 0, 0.1275640130043, 1, },
		{ 0.99733525514603, 0, -0.072954528033733, 0, 0, 1, 0, 0, 0.072954528033733, 0, 0.99733525514603, 0, 0.08036720007658, 0, 0.13203971087933, 1, },
		{ 0.99715805053711, 0, -0.075337596237659, 0, 0, 1, 0, 0, 0.075337596237659, 0, 0.99715805053711, 0, 0.088637843728065, 0, 0.13651549816132, 1, },
		{ 0.99697512388229, 0, -0.077720291912556, 0, 0, 1, 0, 0, 0.077720291912556, 0, 0.99697512388229, 0, 0.096908569335938, 0, 0.1409912109375, 1, },
		{ 0.99678665399551, 0, -0.080102495849133, 0, 0, 1, 0, 0, 0.080102495849133, 0, 0.99678665399551, 0, 0.10517928749323, 0, 0.14546699821949, 1, },
		{ 0.99673455953598, 0, -0.080746851861477, 0, 0, 1, 0, 0, 0.080746851861477, 0, 0.99673455953598, 0, 0.11442466825247, 0, 0.14713637530804, 1, },
		{ 0.99668222665787, 0, -0.081391111016273, 0, 0, 1, 0, 0, 0.081391111016273, 0, 0.99668222665787, 0, 0.12367004156113, 0, 0.14880584180355, 1, },
		{ 0.9966294169426, 0, -0.08203537017107, 0, 0, 1, 0, 0, 0.08203537017107, 0, 0.9966294169426, 0, 0.13291542232037, 0, 0.15047523379326, 1, },
		{ 0.99657613039017, 0, -0.082679599523544, 0, 0, 1, 0, 0, 0.082679599523544, 0, 0.99657613039017, 0, 0.14216078817844, 0, 0.15214462578297, 1, },
		{ 0.99652248620987, 0, -0.083323791623116, 0, 0, 1, 0, 0, 0.083323791623116, 0, 0.99652248620987, 0, 0.15140616893768, 0, 0.15381400287151, 1, },
		{ 0.99664169549942, 0, -0.081885457038879, 0, 0, 1, 0, 0, 0.081885457038879, 0, 0.99664169549942, 0, 0.16118355095387, 0, 0.15226623415947, 1, },
		{ 0.99675887823105, 0, -0.080446965992451, 0, 0, 1, 0, 0, 0.080446965992451, 0, 0.99675887823105, 0, 0.17096091806889, 0, 0.15071853995323, 1, },
		{ 0.99687397480011, 0, -0.079008303582668, 0, 0, 1, 0, 0, 0.079008303582668, 0, 0.99687397480011, 0, 0.1807382106781, 0, 0.14917083084583, 1, },
		{ 0.99698686599731, 0, -0.077569469809532, 0, 0, 1, 0, 0, 0.077569469809532, 0, 0.99698686599731, 0, 0.19051559269428, 0, 0.14762306213379, 1, },
		{ 0.99709779024124, 0, -0.076130479574203, 0, 0, 1, 0, 0, 0.076130479574203, 0, 0.99709779024124, 0, 0.2002929598093, 0, 0.14607527852058, 1, },
		{ 0.99733376502991, 0, -0.072974003851414, 0, 0, 1, 0, 0, 0.072974003851414, 0, 0.99733376502991, 0, 0.20865005254745, 0, 0.14180274307728, 1, },
		{ 0.99755984544754, 0, -0.069816797971725, 0, 0, 1, 0, 0, 0.069816797971725, 0, 0.99755984544754, 0, 0.21700705587864, 0, 0.13753013312817, 1, },
		{ 0.99777579307556, 0, -0.066658891737461, 0, 0, 1, 0, 0, 0.066658891737461, 0, 0.99777579307556, 0, 0.22536407411098, 0, 0.13325759768486, 1, },
		{ 0.99798178672791, 0, -0.063500329852104, 0, 0, 1, 0, 0, 0.063500329852104, 0, 0.99798178672791, 0, 0.23372107744217, 0, 0.12898498773575, 1, },
		{ 0.99817782640457, 0, -0.060341104865074, 0, 0, 1, 0, 0, 0.060341104865074, 0, 0.99817782640457, 0, 0.24207817018032, 0, 0.12471237033606, 1, },
		{ 0.99843609333038, 0, -0.055905424058437, 0, 0, 1, 0, 0, 0.055905424058437, 0, 0.99843609333038, 0, 0.24874824285507, 0, 0.11801551282406, 1, },
		{ 0.99867463111877, 0, -0.051468644291162, 0, 0, 1, 0, 0, 0.051468644291162, 0, 0.99867463111877, 0, 0.25541830062866, 0, 0.11131866276264, 1, },
		{ 0.9988933801651, 0, -0.047030862420797, 0, 0, 1, 0, 0, 0.047030862420797, 0, 0.9988933801651, 0, 0.26208847761154, 0, 0.10462173074484, 1, },
		{ 0.99909251928329, 0, -0.042592134326696, 0, 0, 1, 0, 0, 0.042592134326696, 0, 0.99909251928329, 0, 0.26875853538513, 0, 0.097924880683422, 1, },
		{ 0.99927186965942, 0, -0.038152568042278, 0, 0, 1, 0, 0, 0.038152568042278, 0, 0.99927186965942, 0, 0.27542862296104, 0, 0.091228023171425, 1, },
		{ 0.99944406747818, 0, -0.033339820802212, 0, 0, 1, 0, 0, 0.033339820802212, 0, 0.99944406747818, 0, 0.27980291843414, 0, 0.082877576351166, 1, },
		{ 0.99959301948547, 0, -0.028526308014989, 0, 0, 1, 0, 0, 0.028526308014989, 0, 0.99959301948547, 0, 0.28417724370956, 0, 0.074527129530907, 1, },
		{ 0.99971878528595, 0, -0.023712124675512, 0, 0, 1, 0, 0, 0.023712124675512, 0, 0.99971878528595, 0, 0.28855153918266, 0, 0.066176682710648, 1, },
		{ 0.99982142448425, 0, -0.018897393718362, 0, 0, 1, 0, 0, 0.018897393718362, 0, 0.99982142448425, 0, 0.29292580485344, 0, 0.057826232165098, 1, },
		{ 0.99990081787109, 0, -0.014082225970924, 0, 0, 1, 0, 0, 0.014082225970924, 0, 0.99990081787109, 0, 0.29730010032654, 0, 0.049475781619549, 1, },
		{ 0.99995636940002, 0, -0.009339764714241, 0, 0, 1, 0, 0, 0.009339764714241, 0, 0.99995636940002, 0, 0.298933416605, 0, 0.040116347372532, 1, },
		{ 0.99998944997787, 0, -0.0045970920473337, 0, 0, 1, 0, 0, 0.0045970920473337, 0, 0.99998944997787, 0, 0.30056670308113, 0, 0.030756987631321, 1, },
		{ 1, 0, 0.00014568213373423, 0, 0, 1, 0, 0, -0.00014568213373423, 0, 1, 0, 0.30219992995262, 0, 0.021397551521659, 1, },
		{ 0.99998807907104, 0, 0.004888454452157, 0, 0, 1, 0, 0, -0.004888454452157, 0, 0.99998807907104, 0, 0.30383321642876, 0, 0.012038192711771, 1, },
		{ 0.99995362758636, 0, 0.0096311140805483, 0, 0, 1, 0, 0, -0.0096311140805483, 0, 0.99995362758636, 0, 0.30546653270721, 0, 0.0026787566021085, 1, },
		{ 0.99990719556808, 0, 0.013622517697513, 0, 0, 1, 0, 0, -0.013622517697513, 0, 0.99990719556808, 0, 0.30418708920479, 0, -0.0067364498972893, 1, },
		{ 0.999844789505, 0, 0.017613699659705, 0, 0, 1, 0, 0, -0.017613699659705, 0, 0.999844789505, 0, 0.30290764570236, 0, -0.01615165732801, 1, },
		{ 0.99976658821106, 0, 0.021604605019093, 0, 0, 1, 0, 0, -0.021604605019093, 0, 0.99976658821106, 0, 0.30162817239761, 0, -0.025566939264536, 1, },
		{ 0.99967241287231, 0, 0.025595162063837, 0, 0, 1, 0, 0, -0.025595162063837, 0, 0.99967241287231, 0, 0.30034872889519, 0, -0.034982144832611, 1, },
		{ 0.99956226348877, 0, 0.029585314914584, 0, 0, 1, 0, 0, -0.029585314914584, 0, 0.99956226348877, 0, 0.29906928539276, 0, -0.044397354125977, 1, },
		{ 0.99945485591888, 0, 0.03301503136754, 0, 0, 1, 0, 0, -0.03301503136754, 0, 0.99945485591888, 0, 0.29465010762215, 0, -0.0529317073524, 1, },
		{ 0.99933564662933, 0, 0.036444362252951, 0, 0, 1, 0, 0, -0.036444362252951, 0, 0.99933564662933, 0, 0.29023092985153, 0, -0.06146602332592, 1, },
		{ 0.99920469522476, 0, 0.039873261004686, 0, 0, 1, 0, 0, -0.039873261004686, 0, 0.99920469522476, 0, 0.28581160306931, 0, -0.070000417530537, 1, },
		{ 0.99906206130981, 0, 0.043301682919264, 0, 0, 1, 0, 0, -0.043301682919264, 0, 0.99906206130981, 0, 0.28139242529869, 0, -0.078534737229347, 1, },
		{ 0.99890756607056, 0, 0.046729609370232, 0, 0, 1, 0, 0, -0.046729609370232, 0, 0.99890756607056, 0, 0.27697318792343, 0, -0.08706908673048, 1, },
		{ 0.998803794384, 0, 0.048897288739681, 0, 0, 1, 0, 0, -0.048897288739681, 0, 0.998803794384, 0, 0.27033948898315, 0, -0.093866229057312, 1, },
		{ 0.99869537353516, 0, 0.051064725965261, 0, 0, 1, 0, 0, -0.051064725965261, 0, 0.99869537353516, 0, 0.26370590925217, 0, -0.10066329687834, 1, },
		{ 0.99858212471008, 0, 0.053231935948133, 0, 0, 1, 0, 0, -0.053231935948133, 0, 0.99858212471008, 0, 0.25707221031189, 0, -0.10746043920517, 1, },
		{ 0.99846422672272, 0, 0.055398896336555, 0, 0, 1, 0, 0, -0.055398896336555, 0, 0.99846422672272, 0, 0.25043854117393, 0, -0.1142575070262, 1, },
		{ 0.9983417391777, 0, 0.057565588504076, 0, 0, 1, 0, 0, -0.057565588504076, 0, 0.9983417391777, 0, 0.24380485713482, 0, -0.12105464935303, 1, },
		{ 0.99826174974442, 0, 0.058934889733791, 0, 0, 1, 0, 0, -0.058934889733791, 0, 0.99826174974442, 0, 0.23521941900253, 0, -0.12546233832836, 1, },
		{ 0.99817997217178, 0, 0.060304056853056, 0, 0, 1, 0, 0, -0.060304056853056, 0, 0.99817997217178, 0, 0.22663390636444, 0, -0.12987007200718, 1, },
		{ 0.99809634685516, 0, 0.061673112213612, 0, 0, 1, 0, 0, -0.061673112213612, 0, 0.99809634685516, 0, 0.21804839372635, 0, -0.13427776098251, 1, },
		{ 0.99801087379456, 0, 0.063042052090168, 0, 0, 1, 0, 0, -0.063042052090168, 0, 0.99801087379456, 0, 0.20946295559406, 0, -0.13868544995785, 1, },
		{ 0.99792343378067, 0, 0.064410887658596, 0, 0, 1, 0, 0, -0.064410887658596, 0, 0.99792343378067, 0, 0.20087753236294, 0, -0.14309318363667, 1, },
		{ 0.99789297580719, 0, 0.064881950616837, 0, 0, 1, 0, 0, -0.064881950616837, 0, 0.99789297580719, 0, 0.19143036007881, 0, -0.1447160243988, 1, },
		{ 0.99786221981049, 0, 0.065352991223335, 0, 0, 1, 0, 0, -0.065352991223335, 0, 0.99786221981049, 0, 0.18198326230049, 0, -0.1463388800621, 1, },
		{ 0.9978312253952, 0, 0.065824054181576, 0, 0, 1, 0, 0, -0.065824054181576, 0, 0.9978312253952, 0, 0.17253609001637, 0, -0.14796169102192, 1, },
		{ 0.99779999256134, 0, 0.066295064985752, 0, 0, 1, 0, 0, -0.066295064985752, 0, 0.99779999256134, 0, 0.16308899223804, 0, -0.14958453178406, 1, },
		{ 0.99776864051819, 0, 0.06676609814167, 0, 0, 1, 0, 0, -0.06676609814167, 0, 0.99776864051819, 0, 0.15364189445972, 0, -0.15120738744736, 1, },
		{ 0.99781703948975, 0, 0.06603916734457, 0, 0, 1, 0, 0, -0.06603916734457, 0, 0.99781703948975, 0, 0.14419189095497, 0, -0.14979499578476, 1, },
		{ 0.9978649020195, 0, 0.065312229096889, 0, 0, 1, 0, 0, -0.065312229096889, 0, 0.9978649020195, 0, 0.13474188745022, 0, -0.14838263392448, 1, },
		{ 0.99791216850281, 0, 0.064585253596306, 0, 0, 1, 0, 0, -0.064585253596306, 0, 0.99791216850281, 0, 0.12529189884663, 0, -0.14697028696537, 1, },
		{ 0.99795889854431, 0, 0.0638582482934, 0, 0, 1, 0, 0, -0.0638582482934, 0, 0.99795889854431, 0, 0.11584190279245, 0, -0.14555794000626, 1, },
		{ 0.99800515174866, 0, 0.06313119828701, 0, 0, 1, 0, 0, -0.06313119828701, 0, 0.99800515174866, 0, 0.10639190673828, 0, -0.14414554834366, 1, },
		{ 0.99808478355408, 0, 0.061861097812653, 0, 0, 1, 0, 0, -0.061861097812653, 0, 0.99808478355408, 0, 0.097950592637062, 0, -0.14007057249546, 1, },
		{ 0.9981626868248, 0, 0.060590907931328, 0, 0, 1, 0, 0, -0.060590907931328, 0, 0.9981626868248, 0, 0.089509196579456, 0, -0.13599555194378, 1, },
		{ 0.99823892116547, 0, 0.059320632368326, 0, 0, 1, 0, 0, -0.059320632368326, 0, 0.99823892116547, 0, 0.081067807972431, 0, -0.13192050158978, 1, },
		{ 0.99831360578537, 0, 0.058050248771906, 0, 0, 1, 0, 0, -0.058050248771906, 0, 0.99831360578537, 0, 0.072626419365406, 0, -0.12784552574158, 1, },
		{ 0.99838674068451, 0, 0.056779757142067, 0, 0, 1, 0, 0, -0.056779757142067, 0, 0.99838674068451, 0, 0.0641850233078, 0, -0.12377052009106, 1, },
		{ 0.99854457378387, 0, 0.053931534290314, 0, 0, 1, 0, 0, -0.053931534290314, 0, 0.99854457378387, 0, 0.05749923735857, 0, -0.11699115484953, 1, },
		{ 0.9986943602562, 0, 0.051082845777273, 0, 0, 1, 0, 0, -0.051082845777273, 0, 0.9986943602562, 0, 0.050813443958759, 0, -0.110211789608, 1, },
		{ 0.99883610010147, 0, 0.0482337474823, 0, 0, 1, 0, 0, -0.0482337474823, 0, 0.99883610010147, 0, 0.044127654284239, 0, -0.10343246161938, 1, },
		{ 0.99896955490112, 0, 0.045384254306555, 0, 0, 1, 0, 0, -0.045384254306555, 0, 0.99896955490112, 0, 0.037441939115524, 0, -0.09665309637785, 1, },
		{ 0.99909502267838, 0, 0.042534373700619, 0, 0, 1, 0, 0, -0.042534373700619, 0, 0.99909502267838, 0, 0.030756149441004, 0, -0.089873731136322, 1, },
		{ 0.99924421310425, 0, 0.038870200514793, 0, 0, 1, 0, 0, -0.038870200514793, 0, 0.99924421310425, 0, 0.026137389242649, 0, -0.081356391310692, 1, },
		{ 0.99938011169434, 0, 0.035205509513617, 0, 0, 1, 0, 0, -0.035205509513617, 0, 0.99938011169434, 0, 0.02151863090694, 0, -0.072839125990868, 1, },
		{ 0.99950248003006, 0, 0.031540334224701, 0, 0, 1, 0, 0, -0.031540334224701, 0, 0.99950248003006, 0, 0.016899794340134, 0, -0.06432182341814, 1, },
		{ 0.99961143732071, 0, 0.027874732390046, 0, 0, 1, 0, 0, -0.027874732390046, 0, 0.99961143732071, 0, 0.012281036004424, 0, -0.055804558098316, 1, },
		{ 0.99970686435699, 0, 0.024208765476942, 0, 0, 1, 0, 0, -0.024208765476942, 0, 0.99970686435699, 0, 0.0076622772030532, 0, -0.047287214547396, 1, },
		{ 0.99981242418289, 0, 0.019367687404156, 0, 0, 1, 0, 0, -0.019367687404156, 0, 0.99981242418289, 0, 0.0061298371292651, 0, -0.037829741835594, 1, },
		{ 0.9998944401741, 0, 0.014526164159179, 0, 0, 1, 0, 0, -0.014526164159179, 0, 0.9998944401741, 0, 0.0045973965898156, 0, -0.028372343629599, 1, },
		{ 0.99995303153992, 0, 0.009684300981462, 0, 0, 1, 0, 0, -0.009684300981462, 0, 0.99995303153992, 0, 0.003064880380407, 0, -0.018914870917797, 1, },
		{ 0.99998825788498, 0, 0.0048422077670693, 0, 0, 1, 0, 0, -0.0048422077670693, 0, 0.99998825788498, 0, 0.0015324401902035, 0, -0.0094574736431241, 1, },
		{ 1, 0, 0, 0, 0, 1, 0, 0, 0, 0, 1, 0, 0, 0, 0, 1, },
	},
}
end
