function data()
return {
	times = { 0, 41.667, 83.333, 125, 166.667, 208.333, 250, 291.667, 333.333, 375, 416.667, 458.333, 500, 541.667, 583.333, 625, 666.667, 708.333, 750, 791.667, 833.333, 875, 916.667, 958.333, 1000, 1041.667, 1083.333, 1125, 1166.667, 1208.333, 1250, 1291.667, 1333.333, 1375, 1416.667, 1458.333, 1500, 1541.667, 1583.333, 1625, 1666.667, 1708.333, 1750, 1791.667, 1833.333, 1875, 1916.667, 1958.333, 2000, 2041.667, 2083.333, 2125, 2166.667, 2208.333, 2250, 2291.667, 2333.333, 2375, 2416.667, 2458.333, 2500, 2541.667, 2583.333, 2625, 2666.667, 2708.333, 2750, 2791.667, 2833.333, 2875, 2916.667, 2958.333, 3000, 3041.667, 3083.333, 3125, 3166.667, 3208.333, 3250, 3291.667, 3333.333, 3375, 3416.667, 3458.333, 3500, 3541.667, 3583.333, 3625, 3666.667, 3708.333, 3750, 3791.667, 3833.333, 3875, 3916.667, 3958.333, 4000, 4041.667, 4083.333, 4125, 4166.667, },
	transfs = {
		{ 1, 0, 0, 0, 0, 1, 0, 0, 0, 0, 1, 0, 0, 0, 0, 1, },
		{ 0.99998795986176, 0, -0.0048932726494968, 0, 0, 1, 0, 0, 0.0048932726494968, 0, 0.99998795986176, 0, 0.0029642486479133, 0, 0.008982696570456, 1, },
		{ 0.9999520778656, 0, -0.0097864288836718, 0, 0, 1, 0, 0, 0.0097864288836718, 0, 0.9999520778656, 0, 0.0059285736642778, 0, 0.017965393140912, 1, },
		{ 0.99989223480225, 0, -0.014679349027574, 0, 0, 1, 0, 0, 0.014679349027574, 0, 0.99989223480225, 0, 0.0088928984478116, 0, 0.026948088780046, 1, },
		{ 0.99980843067169, 0, -0.019571926444769, 0, 0, 1, 0, 0, 0.019571926444769, 0, 0.99980843067169, 0, 0.011857147328556, 0, 0.03593086078763, 1, },
		{ 0.99970072507858, 0, -0.024464022368193, 0, 0, 1, 0, 0, 0.024464022368193, 0, 0.99970072507858, 0, 0.014821471646428, 0, 0.044913556426764, 1, },
		{ 0.99956905841827, 0, -0.029355535283685, 0, 0, 1, 0, 0, 0.029355535283685, 0, 0.99956905841827, 0, 0.017785796895623, 0, 0.053896330296993, 1, },
		{ 0.99941343069077, 0, -0.034246351569891, 0, 0, 1, 0, 0, 0.034246351569891, 0, 0.99941343069077, 0, 0.020750045776367, 0, 0.062879025936127, 1, },
		{ 0.99923384189606, 0, -0.039136350154877, 0, 0, 1, 0, 0, 0.039136350154877, 0, 0.99923384189606, 0, 0.023714371025562, 0, 0.071861796081066, 1, },
		{ 0.99903035163879, 0, -0.044025398790836, 0, 0, 1, 0, 0, 0.044025398790836, 0, 0.99903035163879, 0, 0.026678694412112, 0, 0.08084449917078, 1, },
		{ 0.99880301952362, 0, -0.048913393169641, 0, 0, 1, 0, 0, 0.048913393169641, 0, 0.99880301952362, 0, 0.029642943292856, 0, 0.089827194809914, 1, },
		{ 0.9986447095871, 0, -0.052045855671167, 0, 0, 1, 0, 0, 0.052045855671167, 0, 0.9986447095871, 0, 0.037214048206806, 0, 0.095382913947105, 1, },
		{ 0.99847650527954, 0, -0.055177822709084, 0, 0, 1, 0, 0, 0.055177822709084, 0, 0.99847650527954, 0, 0.04478507861495, 0, 0.10093856602907, 1, },
		{ 0.99829852581024, 0, -0.058309238404036, 0, 0, 1, 0, 0, 0.058309238404036, 0, 0.99829852581024, 0, 0.0523561835289, 0, 0.10649421811104, 1, },
		{ 0.9981107711792, 0, -0.06144006550312, 0, 0, 1, 0, 0, 0.06144006550312, 0, 0.9981107711792, 0, 0.05992729216814, 0, 0.11204993724823, 1, },
		{ 0.99791318178177, 0, -0.064570285379887, 0, 0, 1, 0, 0, 0.064570285379887, 0, 0.99791318178177, 0, 0.0674983933568, 0, 0.1176055893302, 1, },
		{ 0.99770575761795, 0, -0.067699901759624, 0, 0, 1, 0, 0, 0.067699901759624, 0, 0.99770575761795, 0, 0.075069427490234, 0, 0.12316131591797, 1, },
		{ 0.99748849868774, 0, -0.070828825235367, 0, 0, 1, 0, 0, 0.070828825235367, 0, 0.99748849868774, 0, 0.082640528678894, 0, 0.12871696054935, 1, },
		{ 0.99726140499115, 0, -0.073957055807114, 0, 0, 1, 0, 0, 0.073957055807114, 0, 0.99726140499115, 0, 0.090211637318134, 0, 0.13427260518074, 1, },
		{ 0.99702447652817, 0, -0.077084586024284, 0, 0, 1, 0, 0, 0.077084586024284, 0, 0.99702447652817, 0, 0.097782664000988, 0, 0.13982826471329, 1, },
		{ 0.99677789211273, 0, -0.080211311578751, 0, 0, 1, 0, 0, 0.080211311578751, 0, 0.99677789211273, 0, 0.10535377264023, 0, 0.14538398385048, 1, },
		{ 0.99680542945862, 0, -0.079867400228977, 0, 0, 1, 0, 0, 0.079867400228977, 0, 0.99680542945862, 0, 0.11482848972082, 0, 0.14533691108227, 1, },
		{ 0.99683290719986, 0, -0.079523466527462, 0, 0, 1, 0, 0, 0.079523466527462, 0, 0.99683290719986, 0, 0.12430320680141, 0, 0.14528976380825, 1, },
		{ 0.9968603849411, 0, -0.079179517924786, 0, 0, 1, 0, 0, 0.079179517924786, 0, 0.9968603849411, 0, 0.13377784192562, 0, 0.14524269104004, 1, },
		{ 0.99688756465912, 0, -0.078835561871529, 0, 0, 1, 0, 0, 0.078835561871529, 0, 0.99688756465912, 0, 0.14325256645679, 0, 0.14519554376602, 1, },
		{ 0.99691480398178, 0, -0.07849158346653, 0, 0, 1, 0, 0, 0.07849158346653, 0, 0.99691480398178, 0, 0.152727201581, 0, 0.14514847099781, 1, },
		{ 0.99694180488586, 0, -0.078147634863853, 0, 0, 1, 0, 0, 0.078147634863853, 0, 0.99694180488586, 0, 0.16220191121101, 0, 0.1451013982296, 1, },
		{ 0.99696868658066, 0, -0.077803656458855, 0, 0, 1, 0, 0, 0.077803656458855, 0, 0.99696868658066, 0, 0.17167663574219, 0, 0.14505423605442, 1, },
		{ 0.99699550867081, 0, -0.077459678053856, 0, 0, 1, 0, 0, 0.077459678053856, 0, 0.99699550867081, 0, 0.18115127086639, 0, 0.14500716328621, 1, },
		{ 0.99702215194702, 0, -0.077115677297115, 0, 0, 1, 0, 0, 0.077115677297115, 0, 0.99702215194702, 0, 0.1906259059906, 0, 0.14496001601219, 1, },
		{ 0.9970486164093, 0, -0.076771676540375, 0, 0, 1, 0, 0, 0.076771676540375, 0, 0.9970486164093, 0, 0.20010063052177, 0, 0.14491294324398, 1, },
		{ 0.9973372220993, 0, -0.072927847504616, 0, 0, 1, 0, 0, 0.072927847504616, 0, 0.9973372220993, 0, 0.2077344506979, 0, 0.13930357992649, 1, },
		{ 0.99761092662811, 0, -0.069082908332348, 0, 0, 1, 0, 0, 0.069082908332348, 0, 0.99761092662811, 0, 0.21536827087402, 0, 0.13369423151016, 1, },
		{ 0.99786978960037, 0, -0.065236978232861, 0, 0, 1, 0, 0, 0.065236978232861, 0, 0.99786978960037, 0, 0.22300209105015, 0, 0.12808479368687, 1, },
		{ 0.99811387062073, 0, -0.061390042304993, 0, 0, 1, 0, 0, 0.061390042304993, 0, 0.99811387062073, 0, 0.23063598573208, 0, 0.12247550487518, 1, },
		{ 0.99834305047989, 0, -0.057542242109776, 0, 0, 1, 0, 0, 0.057542242109776, 0, 0.99834305047989, 0, 0.2382698059082, 0, 0.11686614900827, 1, },
		{ 0.99855744838715, 0, -0.053693559020758, 0, 0, 1, 0, 0, 0.053693559020758, 0, 0.99855744838715, 0, 0.24590353667736, 0, 0.11125671118498, 1, },
		{ 0.99875694513321, 0, -0.049844082444906, 0, 0, 1, 0, 0, 0.049844082444906, 0, 0.99875694513321, 0, 0.25353744626045, 0, 0.10564735531807, 1, },
		{ 0.99894171953201, 0, -0.045993857085705, 0, 0, 1, 0, 0, 0.045993857085705, 0, 0.99894171953201, 0, 0.26117125153542, 0, 0.10003799200058, 1, },
		{ 0.99911159276962, 0, -0.042142938822508, 0, 0, 1, 0, 0, 0.042142938822508, 0, 0.99911159276962, 0, 0.26880514621735, 0, 0.094428710639477, 1, },
		{ 0.99926656484604, 0, -0.038291413336992, 0, 0, 1, 0, 0, 0.038291413336992, 0, 0.99926656484604, 0, 0.27643889188766, 0, 0.088819272816181, 1, },
		{ 0.99944257736206, 0, -0.033383507281542, 0, 0, 1, 0, 0, 0.033383507281542, 0, 0.99944257736206, 0, 0.27931922674179, 0, 0.079837493598461, 1, },
		{ 0.99959444999695, 0, -0.028474794700742, 0, 0, 1, 0, 0, 0.028474794700742, 0, 0.99959444999695, 0, 0.28219962120056, 0, 0.070855557918549, 1, },
		{ 0.99972224235535, 0, -0.023565391078591, 0, 0, 1, 0, 0, 0.023565391078591, 0, 0.99972224235535, 0, 0.28507986664772, 0, 0.061873778700829, 1, },
		{ 0.99982589483261, 0, -0.01865541934967, 0, 0, 1, 0, 0, 0.01865541934967, 0, 0.99982589483261, 0, 0.28796020150185, 0, 0.052891843020916, 1, },
		{ 0.99990552663803, 0, -0.013744996860623, 0, 0, 1, 0, 0, 0.013744996860623, 0, 0.99990552663803, 0, 0.29084053635597, 0, 0.043910063803196, 1, },
		{ 0.99996095895767, 0, -0.0088342502713203, 0, 0, 1, 0, 0, 0.0088342502713203, 0, 0.99996095895767, 0, 0.29372084140778, 0, 0.03492820635438, 1, },
		{ 0.99999225139618, 0, -0.0039232838898897, 0, 0, 1, 0, 0, 0.0039232838898897, 0, 0.99999225139618, 0, 0.2966011762619, 0, 0.025946348905563, 1, },
		{ 0.99999952316284, 0, 0.00098777911625803, 0, 0, 1, 0, 0, -0.00098777911625803, 0, 0.99999952316284, 0, 0.29948151111603, 0, 0.016964493319392, 1, },
		{ 0.99998253583908, 0, 0.0058988151140511, 0, 0, 1, 0, 0, -0.0058988151140511, 0, 0.99998253583908, 0, 0.30236181616783, 0, 0.0079826349392533, 1, },
		{ 0.99994158744812, 0, 0.010809705592692, 0, 0, 1, 0, 0, -0.010809705592692, 0, 0.99994158744812, 0, 0.30524215102196, 0, -0.00099922181107104, 1, },
		{ 0.99989491701126, 0, 0.01449628919363, 0, 0, 1, 0, 0, -0.01449628919363, 0, 0.99989491701126, 0, 0.30232757329941, 0, -0.009999237023294, 1, },
		{ 0.99983465671539, 0, 0.01818267814815, 0, 0, 1, 0, 0, -0.01818267814815, 0, 0.99983465671539, 0, 0.29941290616989, 0, -0.018999328836799, 1, },
		{ 0.99976080656052, 0, 0.021868821233511, 0, 0, 1, 0, 0, -0.021868821233511, 0, 0.99976080656052, 0, 0.29649832844734, 0, -0.02799934335053, 1, },
		{ 0.99967336654663, 0, 0.025554662570357, 0, 0, 1, 0, 0, -0.025554662570357, 0, 0.99967336654663, 0, 0.29358375072479, 0, -0.036999434232712, 1, },
		{ 0.99957239627838, 0, 0.029240161180496, 0, 0, 1, 0, 0, -0.029240161180496, 0, 0.99957239627838, 0, 0.29066917300224, 0, -0.045999526977539, 1, },
		{ 0.99945783615112, 0, 0.032925251871347, 0, 0, 1, 0, 0, -0.032925251871347, 0, 0.99945783615112, 0, 0.28775459527969, 0, -0.054999504238367, 1, },
		{ 0.99932962656021, 0, 0.036609906703234, 0, 0, 1, 0, 0, -0.036609906703234, 0, 0.99932962656021, 0, 0.28483992815018, 0, -0.063999556005001, 1, },
		{ 0.99918788671494, 0, 0.04029405862093, 0, 0, 1, 0, 0, -0.04029405862093, 0, 0.99918788671494, 0, 0.28192535042763, 0, -0.072999611496925, 1, },
		{ 0.99903249740601, 0, 0.043977655470371, 0, 0, 1, 0, 0, -0.043977655470371, 0, 0.99903249740601, 0, 0.27901077270508, 0, -0.081999704241753, 1, },
		{ 0.99886357784271, 0, 0.047660671174526, 0, 0, 1, 0, 0, -0.047660671174526, 0, 0.99886357784271, 0, 0.27609610557556, 0, -0.090999752283096, 1, },
		{ 0.99878346920013, 0, 0.049311552196741, 0, 0, 1, 0, 0, -0.049311552196741, 0, 0.99878346920013, 0, 0.26849457621574, 0, -0.096459046006203, 1, },
		{ 0.99870049953461, 0, 0.050962314009666, 0, 0, 1, 0, 0, -0.050962314009666, 0, 0.99870049953461, 0, 0.2608930170536, 0, -0.10191836953163, 1, },
		{ 0.99861490726471, 0, 0.05261292681098, 0, 0, 1, 0, 0, -0.05261292681098, 0, 0.99861490726471, 0, 0.25329145789146, 0, -0.10737773776054, 1, },
		{ 0.9985266327858, 0, 0.054263386875391, 0, 0, 1, 0, 0, -0.054263386875391, 0, 0.9985266327858, 0, 0.24568991363049, 0, -0.11283706128597, 1, },
		{ 0.99843561649323, 0, 0.055913701653481, 0, 0, 1, 0, 0, -0.055913701653481, 0, 0.99843561649323, 0, 0.23808836936951, 0, -0.11829635500908, 1, },
		{ 0.9983417391777, 0, 0.057563871145248, 0, 0, 1, 0, 0, -0.057563871145248, 0, 0.9983417391777, 0, 0.23048682510853, 0, -0.1237556412816, 1, },
		{ 0.99824529886246, 0, 0.059213902801275, 0, 0, 1, 0, 0, -0.059213902801275, 0, 0.99824529886246, 0, 0.22288528084755, 0, -0.12921497225761, 1, },
		{ 0.99814599752426, 0, 0.060863733291626, 0, 0, 1, 0, 0, -0.060863733291626, 0, 0.99814599752426, 0, 0.21528373658657, 0, -0.13467434048653, 1, },
		{ 0.99804413318634, 0, 0.062513411045074, 0, 0, 1, 0, 0, -0.062513411045074, 0, 0.99804413318634, 0, 0.20768219232559, 0, -0.14013366401196, 1, },
		{ 0.99793940782547, 0, 0.06416292488575, 0, 0, 1, 0, 0, -0.06416292488575, 0, 0.99793940782547, 0, 0.20008063316345, 0, -0.14559295773506, 1, },
		{ 0.99794286489487, 0, 0.06410925090313, 0, 0, 1, 0, 0, -0.06410925090313, 0, 0.99794286489487, 0, 0.19065260887146, 0, -0.14566893875599, 1, },
		{ 0.99794632196426, 0, 0.064055569469929, 0, 0, 1, 0, 0, -0.064055569469929, 0, 0.99794632196426, 0, 0.18122458457947, 0, -0.14574493467808, 1, },
		{ 0.99794977903366, 0, 0.064001888036728, 0, 0, 1, 0, 0, -0.064001888036728, 0, 0.99794977903366, 0, 0.17179656028748, 0, -0.14582091569901, 1, },
		{ 0.99795323610306, 0, 0.063948214054108, 0, 0, 1, 0, 0, -0.063948214054108, 0, 0.99795323610306, 0, 0.16236853599548, 0, -0.14589691162109, 1, },
		{ 0.99795663356781, 0, 0.063894540071487, 0, 0, 1, 0, 0, -0.063894540071487, 0, 0.99795663356781, 0, 0.15294051170349, 0, -0.14597289264202, 1, },
		{ 0.99796009063721, 0, 0.063840866088867, 0, 0, 1, 0, 0, -0.063840866088867, 0, 0.99796009063721, 0, 0.1435124874115, 0, -0.14604888856411, 1, },
		{ 0.9979635477066, 0, 0.063787192106247, 0, 0, 1, 0, 0, -0.063787192106247, 0, 0.9979635477066, 0, 0.13408446311951, 0, -0.14612486958504, 1, },
		{ 0.99796688556671, 0, 0.063733518123627, 0, 0, 1, 0, 0, -0.063733518123627, 0, 0.99796688556671, 0, 0.1246564462781, 0, -0.14620086550713, 1, },
		{ 0.99797034263611, 0, 0.063679829239845, 0, 0, 1, 0, 0, -0.063679829239845, 0, 0.99797034263611, 0, 0.1152284219861, 0, -0.14627684652805, 1, },
		{ 0.99797379970551, 0, 0.063626185059547, 0, 0, 1, 0, 0, -0.063626185059547, 0, 0.99797379970551, 0, 0.10580039769411, 0, -0.14635284245014, 1, },
		{ 0.99810659885406, 0, 0.061506703495979, 0, 0, 1, 0, 0, -0.061506703495979, 0, 0.99810659885406, 0, 0.098161086440086, 0, -0.14077998697758, 1, },
		{ 0.99823504686356, 0, 0.059386964887381, 0, 0, 1, 0, 0, -0.059386964887381, 0, 0.99823504686356, 0, 0.090521775186062, 0, -0.13520720601082, 1, },
		{ 0.9983589053154, 0, 0.057266943156719, 0, 0, 1, 0, 0, -0.057266943156719, 0, 0.9983589053154, 0, 0.082882456481457, 0, -0.12963436543941, 1, },
		{ 0.99847829341888, 0, 0.055146683007479, 0, 0, 1, 0, 0, -0.055146683007479, 0, 0.99847829341888, 0, 0.075243219733238, 0, -0.12406154721975, 1, },
		{ 0.99859309196472, 0, 0.053026173263788, 0, 0, 1, 0, 0, -0.053026173263788, 0, 0.99859309196472, 0, 0.067603908479214, 0, -0.11848869174719, 1, },
		{ 0.99870347976685, 0, 0.050905410200357, 0, 0, 1, 0, 0, -0.050905410200357, 0, 0.99870347976685, 0, 0.059964597225189, 0, -0.11291583627462, 1, },
		{ 0.99880927801132, 0, 0.04878443852067, 0, 0, 1, 0, 0, -0.04878443852067, 0, 0.99880927801132, 0, 0.052325285971165, 0, -0.10734306275845, 1, },
		{ 0.99891060590744, 0, 0.046663247048855, 0, 0, 1, 0, 0, -0.046663247048855, 0, 0.99891060590744, 0, 0.04468597471714, 0, -0.10177020728588, 1, },
		{ 0.9990074634552, 0, 0.04454181343317, 0, 0, 1, 0, 0, -0.04454181343317, 0, 0.9990074634552, 0, 0.037046737968922, 0, -0.0961973965168, 1, },
		{ 0.9990998506546, 0, 0.042420201003551, 0, 0, 1, 0, 0, -0.042420201003551, 0, 0.9990998506546, 0, 0.029407424852252, 0, -0.090624541044235, 1, },
		{ 0.99927085638046, 0, 0.038180358707905, 0, 0, 1, 0, 0, -0.038180358707905, 0, 0.99927085638046, 0, 0.026466675102711, 0, -0.081562079489231, 1, },
		{ 0.9994238615036, 0, 0.033939834684134, 0, 0, 1, 0, 0, -0.033939834684134, 0, 0.9994238615036, 0, 0.023525923490524, 0, -0.07249965518713, 1, },
		{ 0.99955892562866, 0, 0.029698686674237, 0, 0, 1, 0, 0, -0.029698686674237, 0, 0.99955892562866, 0, 0.020585173740983, 0, -0.063437193632126, 1, },
		{ 0.99967586994171, 0, 0.025457013398409, 0, 0, 1, 0, 0, -0.025457013398409, 0, 0.99967586994171, 0, 0.017644500359893, 0, -0.054374732077122, 1, },
		{ 0.99977487325668, 0, 0.021214872598648, 0, 0, 1, 0, 0, -0.021214872598648, 0, 0.99977487325668, 0, 0.014703750610352, 0, -0.045312270522118, 1, },
		{ 0.99985587596893, 0, 0.016972359269857, 0, 0, 1, 0, 0, -0.016972359269857, 0, 0.99985587596893, 0, 0.011762923561037, 0, -0.036249846220016, 1, },
		{ 0.99991893768311, 0, 0.012729536741972, 0, 0, 1, 0, 0, -0.012729536741972, 0, 0.99991893768311, 0, 0.0088221738114953, 0, -0.027187347412109, 1, },
		{ 0.99996393918991, 0, 0.0084864879027009, 0, 0, 1, 0, 0, -0.0084864879027009, 0, 0.99996393918991, 0, 0.0058814235962927, 0, -0.018124923110008, 1, },
		{ 0.99999094009399, 0, 0.0042432793416083, 0, 0, 1, 0, 0, -0.0042432793416083, 0, 0.99999094009399, 0, 0.0029407499823719, 0, -0.0090624997392297, 1, },
		{ 1, 0, 0, 0, 0, 1, 0, 0, 0, 0, 1, 0, 0, 0, 0, 1, },
	},
}
end
