function data()
return {
	times = { 0, 41.667, 83.333, 125, 166.667, 208.333, 250, 291.667, 333.333, 375, 416.667, 458.333, 500, 541.667, 583.333, 625, 666.667, 708.333, 750, 791.667, 833.333, 875, 916.667, 958.333, 1000, 1041.667, 1083.333, 1125, 1166.667, 1208.333, 1250, 1291.667, 1333.333, 1375, 1416.667, 1458.333, 1500, 1541.667, 1583.333, 1625, 1666.667, 1708.333, 1750, 1791.667, 1833.333, 1875, 1916.667, 1958.333, 2000, 2041.667, 2083.333, 2125, 2166.667, 2208.333, 2250, 2291.667, 2333.333, 2375, 2416.667, 2458.333, 2500, 2541.667, 2583.333, 2625, 2666.667, 2708.333, 2750, 2791.667, 2833.333, 2875, 2916.667, 2958.333, 3000, 3041.667, 3083.333, 3125, 3166.667, 3208.333, 3250, 3291.667, 3333.333, 3375, 3416.667, 3458.333, 3500, 3541.667, 3583.333, 3625, 3666.667, 3708.333, 3750, 3791.667, 3833.333, 3875, 3916.667, 3958.333, 4000, 4041.667, 4083.333, 4125, 4166.667, },
	transfs = {
		{ 1, 0, 7.4505805969238e-09, 0, 0, 1, 0, 0, -7.4505805969238e-09, 0, 1, 0, 0, 7.6293943607197e-08, 0, 1, },
		{ 0.99998813867569, 0, -0.0048546344041824, 0, 0, 1, 0, 0, 0.0048546344041824, 0, 0.99998813867569, 0, 0.0036252592690289, 7.6293943607197e-08, 0.0087210843339562, 1, },
		{ 0.99995285272598, 0, -0.0097091645002365, 0, 0, 1, 0, 0, 0.0097091645002365, 0, 0.99995285272598, 0, 0.0072503662668169, 7.6293943607197e-08, 0.017442245036364, 1, },
		{ 0.9998939037323, 0, -0.014563463628292, 0, 0, 1, 0, 0, 0.014563463628292, 0, 0.9998939037323, 0, 0.010875549167395, 7.6293943607197e-08, 0.026163406670094, 1, },
		{ 0.99981147050858, 0, -0.01941741257906, 0, 0, 1, 0, 0, 0.01941741257906, 0, 0.99981147050858, 0, 0.014500579796731, 7.6293943607197e-08, 0.034884568303823, 1, },
		{ 0.99970537424088, 0, -0.024270907044411, 0, 0, 1, 0, 0, 0.024270907044411, 0, 0.99970537424088, 0, 0.018125839531422, 7.6293943607197e-08, 0.043605726212263, 1, },
		{ 0.99957585334778, 0, -0.029123831540346, 0, 0, 1, 0, 0, 0.029123831540346, 0, 0.99957585334778, 0, 0.021751098334789, 7.6293943607197e-08, 0.052326735109091, 1, },
		{ 0.99942266941071, 0, -0.033976074308157, 0, 0, 1, 0, 0, 0.033976074308157, 0, 0.99942266941071, 0, 0.025376204401255, 7.6293943607197e-08, 0.061047896742821, 1, },
		{ 0.9992458820343, 0, -0.038827508687973, 0, 0, 1, 0, 0, 0.038827508687973, 0, 0.9992458820343, 0, 0.029001388698816, 7.6293943607197e-08, 0.069768980145454, 1, },
		{ 0.9990456700325, 0, -0.043678045272827, 0, 0, 1, 0, 0, 0.043678045272827, 0, 0.9990456700325, 0, 0.032626569271088, 7.6293943607197e-08, 0.078490138053894, 1, },
		{ 0.99882185459137, 0, -0.048527538776398, 0, 0, 1, 0, 0, 0.048527538776398, 0, 0.99882185459137, 0, 0.036251753568649, 7.6293943607197e-08, 0.087211303412914, 1, },
		{ 0.99867135286331, 0, -0.051530502736568, 0, 0, 1, 0, 0, 0.051530502736568, 0, 0.99867135286331, 0, 0.044415663927794, 7.6293943607197e-08, 0.092044748365879, 1, },
		{ 0.99851191043854, 0, -0.054533027112484, 0, 0, 1, 0, 0, 0.054533027112484, 0, 0.99851191043854, 0, 0.05257972702384, 7.6293943607197e-08, 0.09687827527523, 1, },
		{ 0.99834340810776, 0, -0.057535041123629, 0, 0, 1, 0, 0, 0.057535041123629, 0, 0.99834340810776, 0, 0.06074371188879, 7.6293943607197e-08, 0.10171172767878, 1, },
		{ 0.99816590547562, 0, -0.060536537319422, 0, 0, 1, 0, 0, 0.060536537319422, 0, 0.99816590547562, 0, 0.068907700479031, 7.6293943607197e-08, 0.10654518008232, 1, },
		{ 0.99797946214676, 0, -0.063537500798702, 0, 0, 1, 0, 0, 0.063537500798702, 0, 0.99797946214676, 0, 0.077071607112885, 7.6293943607197e-08, 0.11137863248587, 1, },
		{ 0.99778389930725, 0, -0.066537886857986, 0, 0, 1, 0, 0, 0.066537886857986, 0, 0.99778389930725, 0, 0.085235595703125, 7.6293943607197e-08, 0.11621207743883, 1, },
		{ 0.99757927656174, 0, -0.069537661969662, 0, 0, 1, 0, 0, 0.069537661969662, 0, 0.99757927656174, 0, 0.093399576842785, 7.6293943607197e-08, 0.12104560434818, 1, },
		{ 0.99736571311951, 0, -0.072536818683147, 0, 0, 1, 0, 0, 0.072536818683147, 0, 0.99736571311951, 0, 0.10156356543303, 7.6293943607197e-08, 0.12587897479534, 1, },
		{ 0.99714314937592, 0, -0.075535304844379, 0, 0, 1, 0, 0, 0.075535304844379, 0, 0.99714314937592, 0, 0.10972755402327, 7.6293943607197e-08, 0.13071258366108, 1, },
		{ 0.99691152572632, 0, -0.078533113002777, 0, 0, 1, 0, 0, 0.078533113002777, 0, 0.99691152572632, 0, 0.11789153516293, 7.6293943607197e-08, 0.13554602861404, 1, },
		{ 0.99692356586456, 0, -0.078380040824413, 0, 0, 1, 0, 0, 0.078380040824413, 0, 0.99692356586456, 0, 0.12722015380859, 7.6293943607197e-08, 0.13482451438904, 1, },
		{ 0.99693554639816, 0, -0.078226961195469, 0, 0, 1, 0, 0, 0.078226961195469, 0, 0.99693554639816, 0, 0.13654892146587, 7.6293943607197e-08, 0.13410301506519, 1, },
		{ 0.99694758653641, 0, -0.078073874115944, 0, 0, 1, 0, 0, 0.078073874115944, 0, 0.99694758653641, 0, 0.14587759971619, 7.6293943607197e-08, 0.13338150084019, 1, },
		{ 0.99695950746536, 0, -0.077920794487, 0, 0, 1, 0, 0, 0.077920794487, 0, 0.99695950746536, 0, 0.15520636737347, 7.6293943607197e-08, 0.13265991210938, 1, },
		{ 0.99697148799896, 0, -0.077767707407475, 0, 0, 1, 0, 0, 0.077767707407475, 0, 0.99697148799896, 0, 0.16453506052494, 7.6293943607197e-08, 0.13193839788437, 1, },
		{ 0.99698340892792, 0, -0.07761462777853, 0, 0, 1, 0, 0, 0.07761462777853, 0, 0.99698340892792, 0, 0.17386382818222, 7.6293943607197e-08, 0.13121695816517, 1, },
		{ 0.99699532985687, 0, -0.077461540699005, 0, 0, 1, 0, 0, 0.077461540699005, 0, 0.99699532985687, 0, 0.18319252133369, 7.6293943607197e-08, 0.13049536943436, 1, },
		{ 0.99700725078583, 0, -0.07730845361948, 0, 0, 1, 0, 0, 0.07730845361948, 0, 0.99700725078583, 0, 0.19252119958401, 7.6293943607197e-08, 0.12977385520935, 1, },
		{ 0.99701899290085, 0, -0.077155351638794, 0, 0, 1, 0, 0, 0.077155351638794, 0, 0.99701899290085, 0, 0.20184989273548, 7.6293943607197e-08, 0.12905235588551, 1, },
		{ 0.9970309138298, 0, -0.077002264559269, 0, 0, 1, 0, 0, 0.077002264559269, 0, 0.9970309138298, 0, 0.21117858588696, 7.6293943607197e-08, 0.1283308416605, 1, },
		{ 0.99731022119522, 0, -0.073295257985592, 0, 0, 1, 0, 0, 0.073295257985592, 0, 0.99731022119522, 0, 0.21831084787846, 7.6293943607197e-08, 0.12216430157423, 1, },
		{ 0.99757581949234, 0, -0.069587260484695, 0, 0, 1, 0, 0, 0.069587260484695, 0, 0.99757581949234, 0, 0.22544310986996, 7.6293943607197e-08, 0.11599776893854, 1, },
		{ 0.99782764911652, 0, -0.065878301858902, 0, 0, 1, 0, 0, 0.065878301858902, 0, 0.99782764911652, 0, 0.23257544636726, 7.6293943607197e-08, 0.10983131080866, 1, },
		{ 0.99806571006775, 0, -0.062168423086405, 0, 0, 1, 0, 0, 0.062168423086405, 0, 0.99806571006775, 0, 0.23970770835876, 7.6293943607197e-08, 0.10366470366716, 1, },
		{ 0.99828976392746, 0, -0.058457687497139, 0, 0, 1, 0, 0, 0.058457687497139, 0, 0.99828976392746, 0, 0.24683997035027, 7.6293943607197e-08, 0.097498163580894, 1, },
		{ 0.99850028753281, 0, -0.054746143519878, 0, 0, 1, 0, 0, 0.054746143519878, 0, 0.99850028753281, 0, 0.25397217273712, 7.6293943607197e-08, 0.091331630945206, 1, },
		{ 0.99869686365128, 0, -0.051033839583397, 0, 0, 1, 0, 0, 0.051033839583397, 0, 0.99869686365128, 0, 0.26110443472862, 7.6293943607197e-08, 0.085165172815323, 1, },
		{ 0.9988796710968, 0, -0.04732083901763, 0, 0, 1, 0, 0, 0.04732083901763, 0, 0.9988796710968, 0, 0.26823669672012, 7.6293943607197e-08, 0.078998640179634, 1, },
		{ 0.99904870986938, 0, -0.043607171624899, 0, 0, 1, 0, 0, 0.043607171624899, 0, 0.99904870986938, 0, 0.27536895871162, 7.6293943607197e-08, 0.072832033038139, 1, },
		{ 0.99920397996902, 0, -0.039892926812172, 0, 0, 1, 0, 0, 0.039892926812172, 0, 0.99920397996902, 0, 0.28250128030777, 7.6293943607197e-08, 0.066665574908257, 1, },
		{ 0.99938958883286, 0, -0.03493345156312, 0, 0, 1, 0, 0, 0.03493345156312, 0, 0.99938958883286, 0, 0.28465643525124, 7.6293943607197e-08, 0.057535093277693, 1, },
		{ 0.99955070018768, 0, -0.02997312694788, 0, 0, 1, 0, 0, 0.02997312694788, 0, 0.99955070018768, 0, 0.28681173920631, 7.6293943607197e-08, 0.048404615372419, 1, },
		{ 0.99968713521957, 0, -0.02501206099987, 0, 0, 1, 0, 0, 0.02501206099987, 0, 0.99968713521957, 0, 0.28896683454514, 7.6293943607197e-08, 0.039274137467146, 1, },
		{ 0.99979889392853, 0, -0.020050384104252, 0, 0, 1, 0, 0, 0.020050384104252, 0, 0.99979889392853, 0, 0.29112213850021, 7.6293943607197e-08, 0.030143661424518, 1, },
		{ 0.99988615512848, 0, -0.015088214538991, 0, 0, 1, 0, 0, 0.015088214538991, 0, 0.99988615512848, 0, 0.29327735304832, 7.6293943607197e-08, 0.021013183519244, 1, },
		{ 0.99994868040085, 0, -0.010125673376024, 0, 0, 1, 0, 0, 0.010125673376024, 0, 0.99994868040085, 0, 0.2954326570034, 7.6293943607197e-08, 0.01188262924552, 1, },
		{ 0.99998664855957, 0, -0.0051628798246384, 0, 0, 1, 0, 0, 0.0051628798246384, 0, 0.99998664855957, 0, 0.29758787155151, 7.6293943607197e-08, 0.0027521513402462, 1, },
		{ 0.99999988079071, 0, -0.00019996611808892, 0, 0, 1, 0, 0, 0.00019996611808892, 0, 0.99999988079071, 0, 0.29974302649498, 7.6293943607197e-08, -0.0063783260993659, 1, },
		{ 0.99998861551285, 0, 0.0047629550099373, 0, 0, 1, 0, 0, -0.0047629550099373, 0, 0.99998861551285, 0, 0.30189833045006, 7.6293943607197e-08, -0.015508803538978, 1, },
		{ 0.99995267391205, 0, 0.0097257792949677, 0, 0, 1, 0, 0, -0.0097257792949677, 0, 0.99995267391205, 0, 0.30405357480049, 7.6293943607197e-08, -0.024639282375574, 1, },
		{ 0.99991029500961, 0, 0.013390346430242, 0, 0, 1, 0, 0, -0.013390346430242, 0, 0.99991029500961, 0, 0.30043464899063, 7.6293943607197e-08, -0.033311232924461, 1, },
		{ 0.9998545050621, 0, 0.017054729163647, 0, 0, 1, 0, 0, -0.017054729163647, 0, 0.9998545050621, 0, 0.29681557416916, 7.6293943607197e-08, -0.041982877999544, 1, },
		{ 0.99978530406952, 0, 0.020718917250633, 0, 0, 1, 0, 0, -0.020718917250633, 0, 0.99978530406952, 0, 0.29319670796394, 7.6293943607197e-08, -0.050654675811529, 1, },
		{ 0.99970269203186, 0, 0.024382792413235, 0, 0, 1, 0, 0, -0.024382792413235, 0, 0.99970269203186, 0, 0.28957778215408, 7.6293943607197e-08, -0.05932655185461, 1, },
		{ 0.99960660934448, 0, 0.028046369552612, 0, 0, 1, 0, 0, -0.028046369552612, 0, 0.99960660934448, 0, 0.28595876693726, 7.6293943607197e-08, -0.067998424172401, 1, },
		{ 0.99949705600739, 0, 0.031709589064121, 0, 0, 1, 0, 0, -0.031709589064121, 0, 0.99949705600739, 0, 0.28233978152275, 7.6293943607197e-08, -0.07667014747858, 1, },
		{ 0.99937415122986, 0, 0.035372331738472, 0, 0, 1, 0, 0, -0.035372331738472, 0, 0.99937415122986, 0, 0.27872076630592, 7.6293943607197e-08, -0.085341945290565, 1, },
		{ 0.99923777580261, 0, 0.039034552872181, 0, 0, 1, 0, 0, -0.039034552872181, 0, 0.99923777580261, 0, 0.27510184049606, 7.6293943607197e-08, -0.094013825058937, 1, },
		{ 0.99908804893494, 0, 0.042696423828602, 0, 0, 1, 0, 0, -0.042696423828602, 0, 0.99908804893494, 0, 0.2714829146862, 7.6293943607197e-08, -0.10268562287092, 1, },
		{ 0.99892485141754, 0, 0.046357557177544, 0, 0, 1, 0, 0, -0.046357557177544, 0, 0.99892485141754, 0, 0.26786398887634, 7.6293943607197e-08, -0.11135742068291, 1, },
		{ 0.99883472919464, 0, 0.048262372612953, 0, 0, 1, 0, 0, -0.048262372612953, 0, 0.99883472919464, 0, 0.25980255007744, 7.6293943607197e-08, -0.11633033305407, 1, },
		{ 0.99874091148376, 0, 0.050166971981525, 0, 0, 1, 0, 0, -0.050166971981525, 0, 0.99874091148376, 0, 0.25174111127853, 7.6293943607197e-08, -0.12130317091942, 1, },
		{ 0.99864339828491, 0, 0.052071448415518, 0, 0, 1, 0, 0, -0.052071448415518, 0, 0.99864339828491, 0, 0.24367965757847, 7.6293943607197e-08, -0.12627601623535, 1, },
		{ 0.99854224920273, 0, 0.053975742310286, 0, 0, 1, 0, 0, -0.053975742310286, 0, 0.99854224920273, 0, 0.2356182038784, 7.6293943607197e-08, -0.13124893605709, 1, },
		{ 0.99843740463257, 0, 0.055879779160023, 0, 0, 1, 0, 0, -0.055879779160023, 0, 0.99843740463257, 0, 0.22755675017834, 7.6293943607197e-08, -0.13622176647186, 1, },
		{ 0.99832916259766, 0, 0.057783599942923, 0, 0, 1, 0, 0, -0.057783599942923, 0, 0.99832916259766, 0, 0.21949538588524, 7.6293943607197e-08, -0.1411946117878, 1, },
		{ 0.99821704626083, 0, 0.059687286615372, 0, 0, 1, 0, 0, -0.059687286615372, 0, 0.99821704626083, 0, 0.21143385767937, 7.6293943607197e-08, -0.14616744220257, 1, },
		{ 0.99810147285461, 0, 0.061590701341629, 0, 0, 1, 0, 0, -0.061590701341629, 0, 0.99810147285461, 0, 0.20337241888046, 7.6293943607197e-08, -0.15114036202431, 1, },
		{ 0.99798214435577, 0, 0.06349390745163, 0, 0, 1, 0, 0, -0.06349390745163, 0, 0.99798214435577, 0, 0.19531112909317, 7.6293943607197e-08, -0.15611320734024, 1, },
		{ 0.99785935878754, 0, 0.065396897494793, 0, 0, 1, 0, 0, -0.065396897494793, 0, 0.99785935878754, 0, 0.1872496008873, 7.6293943607197e-08, -0.16108611226082, 1, },
		{ 0.99787086248398, 0, 0.065219230949879, 0, 0, 1, 0, 0, -0.065219230949879, 0, 0.99787086248398, 0, 0.17783103883266, 7.6293943607197e-08, -0.16033332049847, 1, },
		{ 0.997882604599, 0, 0.065041534602642, 0, 0, 1, 0, 0, -0.065041534602642, 0, 0.997882604599, 0, 0.16841240227222, 7.6293943607197e-08, -0.1595805734396, 1, },
		{ 0.9978940486908, 0, 0.064863853156567, 0, 0, 1, 0, 0, -0.064863853156567, 0, 0.9978940486908, 0, 0.1589939147234, 7.6293943607197e-08, -0.15882781147957, 1, },
		{ 0.99790561199188, 0, 0.064686201512814, 0, 0, 1, 0, 0, -0.064686201512814, 0, 0.99790561199188, 0, 0.14957542717457, 7.6293943607197e-08, -0.15807509422302, 1, },
		{ 0.99791717529297, 0, 0.064508520066738, 0, 0, 1, 0, 0, -0.064508520066738, 0, 0.99791717529297, 0, 0.14015685021877, 7.6293943607197e-08, -0.15732234716415, 1, },
		{ 0.99792861938477, 0, 0.064330831170082, 0, 0, 1, 0, 0, -0.064330831170082, 0, 0.99792861938477, 0, 0.13073821365833, 7.6293943607197e-08, -0.1565695554018, 1, },
		{ 0.99794006347656, 0, 0.064153149724007, 0, 0, 1, 0, 0, -0.064153149724007, 0, 0.99794006347656, 0, 0.12131957709789, 7.6293943607197e-08, -0.15581679344177, 1, },
		{ 0.99795144796371, 0, 0.063975460827351, 0, 0, 1, 0, 0, -0.063975460827351, 0, 0.99795144796371, 0, 0.11190101504326, 7.6293943607197e-08, -0.15506407618523, 1, },
		{ 0.99796283245087, 0, 0.063797779381275, 0, 0, 1, 0, 0, -0.063797779381275, 0, 0.99796283245087, 0, 0.10248237103224, 7.6293943607197e-08, -0.15431132912636, 1, },
		{ 0.99797415733337, 0, 0.0636200979352, 0, 0, 1, 0, 0, -0.0636200979352, 0, 0.99797415733337, 0, 0.09306388348341, 7.6293943607197e-08, -0.15355858206749, 1, },
		{ 0.99811273813248, 0, 0.061408866196871, 0, 0, 1, 0, 0, -0.061408866196871, 0, 0.99811273813248, 0, 0.085927657783031, 7.6293943607197e-08, -0.14732024073601, 1, },
		{ 0.99824619293213, 0, 0.059197343885899, 0, 0, 1, 0, 0, -0.059197343885899, 0, 0.99824619293213, 0, 0.078791424632072, 7.6293943607197e-08, -0.14108183979988, 1, },
		{ 0.99837499856949, 0, 0.056985557079315, 0, 0, 1, 0, 0, -0.056985557079315, 0, 0.99837499856949, 0, 0.071655116975307, 7.6293943607197e-08, -0.13484351336956, 1, },
		{ 0.99849885702133, 0, 0.054773431271315, 0, 0, 1, 0, 0, -0.054773431271315, 0, 0.99849885702133, 0, 0.064518891274929, 7.6293943607197e-08, -0.12860518693924, 1, },
		{ 0.99861770868301, 0, 0.052561085671186, 0, 0, 1, 0, 0, -0.052561085671186, 0, 0.99861770868301, 0, 0.05738265812397, 7.6293943607197e-08, -0.1223668679595, 1, },
		{ 0.99873173236847, 0, 0.050348445773125, 0, 0, 1, 0, 0, -0.050348445773125, 0, 0.99873173236847, 0, 0.050246350467205, 7.6293943607197e-08, -0.1161285340786, 1, },
		{ 0.99884074926376, 0, 0.048135608434677, 0, 0, 1, 0, 0, -0.048135608434677, 0, 0.99884074926376, 0, 0.043110121041536, 7.6293943607197e-08, -0.10989020764828, 1, },
		{ 0.99894499778748, 0, 0.045922499150038, 0, 0, 1, 0, 0, -0.045922499150038, 0, 0.99894499778748, 0, 0.035973891615868, 7.6293943607197e-08, -0.10365188121796, 1, },
		{ 0.99904423952103, 0, 0.043709181249142, 0, 0, 1, 0, 0, -0.043709181249142, 0, 0.99904423952103, 0, 0.028837736696005, 7.6293943607197e-08, -0.09741348028183, 1, },
		{ 0.999138712883, 0, 0.041495613753796, 0, 0, 1, 0, 0, -0.041495613753796, 0, 0.999138712883, 0, 0.021701430901885, 7.6293943607197e-08, -0.091175153851509, 1, },
		{ 0.9993023276329, 0, 0.037348121404648, 0, 0, 1, 0, 0, -0.037348121404648, 0, 0.9993023276329, 0, 0.019531326368451, 7.6293943607197e-08, -0.082057647407055, 1, },
		{ 0.99944871664047, 0, 0.033199951052666, 0, 0, 1, 0, 0, -0.033199951052666, 0, 0.99944871664047, 0, 0.017361145466566, 7.6293943607197e-08, -0.072940059006214, 1, },
		{ 0.9995778799057, 0, 0.029051190242171, 0, 0, 1, 0, 0, -0.029051190242171, 0, 0.9995778799057, 0, 0.015190963633358, 7.6293943607197e-08, -0.06382255256176, 1, },
		{ 0.99968981742859, 0, 0.024901978671551, 0, 0, 1, 0, 0, -0.024901978671551, 0, 0.99968981742859, 0, 0.013020858168602, 7.6293943607197e-08, -0.054705124348402, 1, },
		{ 0.99978464841843, 0, 0.020752288401127, 0, 0, 1, 0, 0, -0.020752288401127, 0, 0.99978464841843, 0, 0.010850600898266, 7.6293943607197e-08, -0.045587539672852, 1, },
		{ 0.99986213445663, 0, 0.016602270305157, 0, 0, 1, 0, 0, -0.016602270305157, 0, 0.99986213445663, 0, 0.008680572733283, 7.6293943607197e-08, -0.036470029503107, 1, },
		{ 0.9999223947525, 0, 0.012451961636543, 0, 0, 1, 0, 0, -0.012451961636543, 0, 0.9999223947525, 0, 0.0065105436369777, 7.6293943607197e-08, -0.027352523058653, 1, },
		{ 0.99996554851532, 0, 0.0083014294505119, 0, 0, 1, 0, 0, -0.0083014294505119, 0, 0.99996554851532, 0, 0.0043402863666415, 7.6293943607197e-08, -0.018235091120005, 1, },
		{ 0.99999129772186, 0, 0.0041507482528687, 0, 0, 1, 0, 0, -0.0041507482528687, 0, 0.99999129772186, 0, 0.0021701049990952, 7.6293943607197e-08, -0.0091174310073256, 1, },
		{ 1, 0, 7.4505805969238e-09, 0, 0, 1, 0, 0, -7.4505805969238e-09, 0, 1, 0, 0, 7.6293943607197e-08, 0, 1, },
	},
}
end
