function data()
return {
	times = { 0, 41.667, 83.333, 125, 166.667, 208.333, 250, 291.667, 333.333, 375, 416.667, 458.333, 500, 541.667, 583.333, 625, 666.667, 708.333, 750, 791.667, 833.333, 875, 916.667, 958.333, 1041.667, 1125, 1166.667, 1208.333, 1250, 1291.667, 1333.333, 1375, 1416.667, 1458.333, 1500, 1541.667, 1583.333, 1625, 1666.667, 1708.333, 1750, 1791.667, 1833.333, 1875, 1916.667, 1958.333, 2000, 2041.667, 2083.333, 2125, 2166.667, 2208.333, 2250, 2291.667, 2333.333, 2375, 2416.667, 2458.333, 2500, 2541.667, 2583.333, 2625, 2666.667, 2708.333, 2750, 2791.667, 2833.333, 2875, 2916.667, 2958.333, 3000, 3041.667, 3125, 3333.333, 3375, 3416.667, 3458.333, 3500, 3541.667, 3583.333, 3625, 3666.667, 3708.333, 3750, 3791.667, 3833.333, 3875, 3916.667, 3958.333, 4000, 4041.667, 4083.333, 4125, 4166.667, },
	transfs = {
		{ 1, 0, 0, 0, 0, 1, 0, 0, 0, 0, 1, 0, 0, 0, 0, 1, },
		{ 0.99991893768311, 0, 0.012732811272144, 0, 0, 1, 0, 0, -0.012732811272144, 0, 0.99991893768311, 0, 0.0020004271063954, 0, 0, 1, },
		{ 0.99911141395569, 0, 0.042147394269705, 0, 0, 1, 0, 0, -0.042147394269705, 0, 0.99911141395569, 0, 0.0040005492046475, 0, 0, 1, },
		{ 0.99717974662781, 0, 0.075050443410873, 0, 0, 1, 0, 0, -0.075050443410873, 0, 0.99717974662781, 0, 0.0060009765438735, 0, 0, 1, },
		{ 0.99488997459412, 0, 0.10096438974142, 0, 0, 1, 0, 0, -0.10096438974142, 0, 0.99488997459412, 0, 0.010377807542682, 0, 0, 1, },
		{ 0.99275541305542, 0, 0.1201520934701, 0, 0, 1, 0, 0, -0.1201520934701, 0, 0.99275541305542, 0, 0.015759276226163, 0, 0, 1, },
		{ 0.99077224731445, 0, 0.13553714752197, 0, 0, 1, 0, 0, -0.13553714752197, 0, 0.99077224731445, 0, 0.022034911438823, 0, 0, 1, },
		{ 0.98868280649185, 0, 0.1500209569931, 0, 0, 1, 0, 0, -0.1500209569931, 0, 0.98868280649185, 0, 0.029093626886606, 0, 0, 1, },
		{ 0.98617088794708, 0, 0.16573153436184, 0, 0, 1, 0, 0, -0.16573153436184, 0, 0.98617088794708, 0, 0.03682617098093, 0, 0, 1, },
		{ 0.98333859443665, 0, 0.18178294599056, 0, 0, 1, 0, 0, -0.18178294599056, 0, 0.98333859443665, 0, 0.045128174126148, 0, 0, 1, },
		{ 0.980493247509, 0, 0.19655239582062, 0, 0, 1, 0, 0, -0.19655239582062, 0, 0.980493247509, 0, 0.053896483033895, 0, 0, 1, },
		{ 0.97795736789703, 0, 0.20880475640297, 0, 0, 1, 0, 0, -0.20880475640297, 0, 0.97795736789703, 0, 0.063013605773449, 0, 0, 1, },
		{ 0.97577220201492, 0, 0.21878899633884, 0, 0, 1, 0, 0, -0.21878899633884, 0, 0.97577220201492, 0, 0.072303466498852, 0, 0, 1, },
		{ 0.97386741638184, 0, 0.2271172106266, 0, 0, 1, 0, 0, -0.2271172106266, 0, 0.97386741638184, 0, 0.081575617194176, 0, 0, 1, },
		{ 0.9721412062645, 0, 0.23439583182335, 0, 0, 1, 0, 0, -0.23439583182335, 0, 0.9721412062645, 0, 0.090638734400272, 0, 0, 1, },
		{ 0.97046893835068, 0, 0.24122612178326, 0, 0, 1, 0, 0, -0.24122612178326, 0, 0.97046893835068, 0, 0.099302671849728, 0, 0, 1, },
		{ 0.96870744228363, 0, 0.24820524454117, 0, 0, 1, 0, 0, -0.24820524454117, 0, 0.96870744228363, 0, 0.10737670958042, 0, 0, 1, },
		{ 0.96677905321121, 0, 0.25561338663101, 0, 0, 1, 0, 0, -0.25561338663101, 0, 0.96677905321121, 0, 0.11468200385571, 0, 0, 1, },
		{ 0.9649373292923, 0, 0.26248008012772, 0, 0, 1, 0, 0, -0.26248008012772, 0, 0.9649373292923, 0, 0.12108886241913, 0, 0, 1, },
		{ 0.96354931592941, 0, 0.26753076910973, 0, 0, 1, 0, 0, -0.26753076910973, 0, 0.96354931592941, 0, 0.12591277062893, 0, 0, 1, },
		{ 0.96300131082535, 0, 0.26949638128281, 0, 0, 1, 0, 0, -0.26949638128281, 0, 0.96300131082535, 0, 0.13073669373989, 0, 0, 1, },
		{ 0.96321189403534, 0, 0.26874288916588, 0, 0, 1, 0, 0, -0.26874288916588, 0, 0.96321189403534, 0, 0.13289245963097, 0, 0, 1, },
		{ 0.96363908052444, 0, 0.26720699667931, 0, 0, 1, 0, 0, -0.26720699667931, 0, 0.96363908052444, 0, 0.13504852354527, 0, 0, 1, },
		{ 0.96397942304611, 0, 0.26597678661346, 0, 0, 1, 0, 0, -0.26597678661346, 0, 0.96397942304611, 0, 0.13720427453518, 0, 0, 1, },
		{ 0.96412271261215, 0, 0.26545682549477, 0, 0, 1, 0, 0, -0.26545682549477, 0, 0.96412271261215, 0, 0.13543823361397, 0, 0, 1, },
		{ 0.96424168348312, 0, 0.26502442359924, 0, 0, 1, 0, 0, -0.26502442359924, 0, 0.96424168348312, 0, 0.1336721777916, 0, 0, 1, },
		{ 0.96452021598816, 0, 0.26400870084763, 0, 0, 1, 0, 0, -0.26400870084763, 0, 0.96452021598816, 0, 0.1327890008688, 0, 0, 1, },
		{ 0.96509176492691, 0, 0.26191183924675, 0, 0, 1, 0, 0, -0.26191183924675, 0, 0.96509176492691, 0, 0.13190612196922, 0, 0, 1, },
		{ 0.96607059240341, 0, 0.25827792286873, 0, 0, 1, 0, 0, -0.25827792286873, 0, 0.96607059240341, 0, 0.13102294504642, 0, 0, 1, },
		{ 0.9675320982933, 0, 0.25274804234505, 0, 0, 1, 0, 0, -0.25274804234505, 0, 0.9675320982933, 0, 0.13014006614685, 0, 0, 1, },
		{ 0.96943145990372, 0, 0.24536195397377, 0, 0, 1, 0, 0, -0.24536195397377, 0, 0.96943145990372, 0, 0.12925688922405, 0, 0, 1, },
		{ 0.97169017791748, 0, 0.23625852167606, 0, 0, 1, 0, 0, -0.23625852167606, 0, 0.97169017791748, 0, 0.12525177001953, 0, 0, 1, },
		{ 0.974225461483, 0, 0.22557638585567, 0, 0, 1, 0, 0, -0.22557638585567, 0, 0.974225461483, 0, 0.12124664336443, 0, 0, 1, },
		{ 0.97695291042328, 0, 0.21345487236977, 0, 0, 1, 0, 0, -0.21345487236977, 0, 0.97695291042328, 0, 0.1164141818881, 0, 0, 1, },
		{ 0.9797887802124, 0, 0.20003446936607, 0, 0, 1, 0, 0, -0.20003446936607, 0, 0.9797887802124, 0, 0.11158172041178, 0, 0, 1, },
		{ 0.98265224695206, 0, 0.18545769155025, 0, 0, 1, 0, 0, -0.18545769155025, 0, 0.98265224695206, 0, 0.10628844797611, 0, 0, 1, },
		{ 0.98546659946442, 0, 0.16986946761608, 0, 0, 1, 0, 0, -0.16986946761608, 0, 0.98546659946442, 0, 0.10077331215143, 0, 0, 1, },
		{ 0.988161444664, 0, 0.15341719985008, 0, 0, 1, 0, 0, -0.15341719985008, 0, 0.988161444664, 0, 0.095100097358227, 0, 0, 1, },
		{ 0.99067437648773, 0, 0.13625086843967, 0, 0, 1, 0, 0, -0.13625086843967, 0, 0.99067437648773, 0, 0.089332275092602, 0, 0, 1, },
		{ 0.99295294284821, 0, 0.11850858479738, 0, 0, 1, 0, 0, -0.11850858479738, 0, 0.99295294284821, 0, 0.083524167537689, 0, 0, 1, },
		{ 0.99496001005173, 0, 0.10027200728655, 0, 0, 1, 0, 0, -0.10027200728655, 0, 0.99496001005173, 0, 0.077687069773674, 0, 0, 1, },
		{ 0.99666434526443, 0, 0.081609696149826, 0, 0, 1, 0, 0, -0.081609696149826, 0, 0.99666434526443, 0, 0.071823120117188, 0, 0, 1, },
		{ 0.99803924560547, 0, 0.062591522932053, 0, 0, 1, 0, 0, -0.062591522932053, 0, 0.99803924560547, 0, 0.065933533012867, 0, 0, 1, },
		{ 0.99906259775162, 0, 0.043288357555866, 0, 0, 1, 0, 0, -0.043288357555866, 0, 0.99906259775162, 0, 0.060019224882126, 0, 0, 1, },
		{ 0.99971741437912, 0, 0.023772038519382, 0, 0, 1, 0, 0, -0.023772038519382, 0, 0.99971741437912, 0, 0.054082334041595, 0, 0, 1, },
		{ 0.9999914765358, 0, 0.004114989656955, 0, 0, 1, 0, 0, -0.004114989656955, 0, 0.9999914765358, 0, 0.048124387860298, 0, 0, 1, },
		{ 0.99987816810608, 0, -0.015609882771969, 0, 0, 1, 0, 0, 0.015609882771969, 0, 0.99987816810608, 0, 0.042146604508162, 0, 0, 1, },
		{ 0.99937570095062, 0, -0.035329520702362, 0, 0, 1, 0, 0, 0.035329520702362, 0, 0.99937570095062, 0, 0.036150816828012, 0, 0, 1, },
		{ 0.99848788976669, 0, -0.054970923811197, 0, 0, 1, 0, 0, 0.054970923811197, 0, 0.99848788976669, 0, 0.030138244852424, 0, 0, 1, },
		{ 0.99722373485565, 0, -0.074463397264481, 0, 0, 1, 0, 0, 0.074463397264481, 0, 0.99722373485565, 0, 0.024111326783895, 0, 0, 1, },
		{ 0.9955962896347, 0, -0.093744516372681, 0, 0, 1, 0, 0, 0.093744516372681, 0, 0.9955962896347, 0, 0.0180749502033, 0, 0, 1, },
		{ 0.99362283945084, 0, -0.11275454610586, 0, 0, 1, 0, 0, 0.11275454610586, 0, 0.99362283945084, 0, 0.012035522609949, 0, 0, 1, },
		{ 0.99132478237152, 0, -0.13143464922905, 0, 0, 1, 0, 0, 0.13143464922905, 0, 0.99132478237152, 0, 0.0059985350817442, 0, 0, 1, },
		{ 0.9887273311615, 0, -0.14972700178623, 0, 0, 1, 0, 0, 0.14972700178623, 0, 0.9887273311615, 0, -3.0517578125e-05, 0, 0, 1, },
		{ 0.98585933446884, 0, -0.1675750464201, 0, 0, 1, 0, 0, 0.1675750464201, 0, 0.98585933446884, 0, -0.0060452269390225, 0, 0, 1, },
		{ 0.98275291919708, 0, -0.18492363393307, 0, 0, 1, 0, 0, 0.18492363393307, 0, 0.98275291919708, 0, -0.012039489112794, 0, 0, 1, },
		{ 0.97944343090057, 0, -0.20171891152859, 0, 0, 1, 0, 0, 0.20171891152859, 0, 0.97944343090057, 0, -0.018007507547736, 0, 0, 1, },
		{ 0.97596925497055, 0, -0.21790833771229, 0, 0, 1, 0, 0, 0.21790833771229, 0, 0.97596925497055, 0, -0.023943785578012, 0, 0, 1, },
		{ 0.97237092256546, 0, -0.23344118893147, 0, 0, 1, 0, 0, 0.23344118893147, 0, 0.97237092256546, 0, -0.029842223972082, 0, 0, 1, },
		{ 0.96869522333145, 0, -0.24825285375118, 0, 0, 1, 0, 0, 0.24825285375118, 0, 0.96869522333145, 0, -0.035679627209902, 0, 0, 1, },
		{ 0.96500813961029, 0, -0.26221987605095, 0, 0, 1, 0, 0, 0.26221987605095, 0, 0.96500813961029, 0, -0.041364591568708, 0, 0, 1, },
		{ 0.96138519048691, 0, -0.27520629763603, 0, 0, 1, 0, 0, 0.27520629763603, 0, 0.96138519048691, 0, -0.046788025647402, 0, 0, 1, },
		{ 0.95790696144104, 0, -0.28707867860794, 0, 0, 1, 0, 0, 0.28707867860794, 0, 0.95790696144104, 0, -0.051602020859718, 0, 0, 1, },
		{ 0.95465761423111, 0, -0.29770568013191, 0, 0, 1, 0, 0, 0.29770568013191, 0, 0.95465761423111, 0, -0.056416016072035, 0, 0, 1, },
		{ 0.95172309875488, 0, -0.30695769190788, 0, 0, 1, 0, 0, 0.30695769190788, 0, 0.95172309875488, 0, -0.060054320842028, 0, 0, 1, },
		{ 0.94918924570084, 0, -0.31470575928688, 0, 0, 1, 0, 0, 0.31470575928688, 0, 0.94918924570084, 0, -0.063692778348923, 0, 0, 1, },
		{ 0.94713968038559, 0, -0.3208212852478, 0, 0, 1, 0, 0, 0.3208212852478, 0, 0.94713968038559, 0, -0.063178099691868, 0, 0, 1, },
		{ 0.94565385580063, 0, -0.32517477869987, 0, 0, 1, 0, 0, 0.32517477869987, 0, 0.94565385580063, 0, -0.062663570046425, 0, 0, 1, },
		{ 0.94480443000793, 0, -0.32763481140137, 0, 0, 1, 0, 0, 0.32763481140137, 0, 0.94480443000793, 0, -0.06214889511466, 0, 0, 1, },
		{ 0.9443433880806, 0, -0.32896116375923, 0, 0, 1, 0, 0, 0.32896116375923, 0, 0.9443433880806, 0, -0.061634369194508, 0, 0, 1, },
		{ 0.94397294521332, 0, -0.33002278208733, 0, 0, 1, 0, 0, 0.33002278208733, 0, 0.94397294521332, 0, -0.061119686812162, 0, 0, 1, },
		{ 0.94368362426758, 0, -0.33084923028946, 0, 0, 1, 0, 0, 0.33084923028946, 0, 0.94368362426758, 0, -0.060605008155107, 0, 0, 1, },
		{ 0.94330924749374, 0, -0.33191511034966, 0, 0, 1, 0, 0, 0.33191511034966, 0, 0.94330924749374, 0, -0.0595758035779, 0, 0, 1, },
		{ 0.94309413433075, 0, -0.33252584934235, 0, 0, 1, 0, 0, 0.33252584934235, 0, 0.94309413433075, 0, -0.05700271576643, 0, 0, 1, },
		{ 0.94358259439468, 0, -0.33113715052605, 0, 0, 1, 0, 0, 0.33113715052605, 0, 0.94358259439468, 0, -0.056488189846277, 0, 0, 1, },
		{ 0.94498032331467, 0, -0.32712715864182, 0, 0, 1, 0, 0, 0.32712715864182, 0, 0.94498032331467, 0, -0.055973511189222, 0, 0, 1, },
		{ 0.94717210531235, 0, -0.32072579860687, 0, 0, 1, 0, 0, 0.32072579860687, 0, 0.94717210531235, 0, -0.055458981543779, 0, 0, 1, },
		{ 0.9500298500061, 0, -0.31215906143188, 0, 0, 1, 0, 0, 0.31215906143188, 0, 0.9500298500061, 0, -0.054944302886724, 0, 0, 1, },
		{ 0.95341837406158, 0, -0.30165114998817, 0, 0, 1, 0, 0, 0.30165114998817, 0, 0.95341837406158, 0, -0.050319213420153, 0, 0, 1, },
		{ 0.957200050354, 0, -0.28942710161209, 0, 0, 1, 0, 0, 0.28942710161209, 0, 0.957200050354, 0, -0.045694272965193, 0, 0, 1, },
		{ 0.96123975515366, 0, -0.27571386098862, 0, 0, 1, 0, 0, 0.27571386098862, 0, 0.96123975515366, 0, -0.040629118680954, 0, 0, 1, },
		{ 0.9654084444046, 0, -0.26074221730232, 0, 0, 1, 0, 0, 0.26074221730232, 0, 0.9654084444046, 0, -0.03547241166234, 0, 0, 1, },
		{ 0.969586789608, 0, -0.24474747478962, 0, 0, 1, 0, 0, 0.24474747478962, 0, 0.969586789608, 0, -0.030480651184916, 0, 0, 1, },
		{ 0.973668217659, 0, -0.22796960175037, 0, 0, 1, 0, 0, 0.22796960175037, 0, 0.973668217659, 0, -0.025489196181297, 0, 0, 1, },
		{ 0.97756683826447, 0, -0.21062549948692, 0, 0, 1, 0, 0, 0.21062549948692, 0, 0.97756683826447, 0, -0.021136779338121, 0, 0, 1, },
		{ 0.98123353719711, 0, -0.19282299280167, 0, 0, 1, 0, 0, 0.19282299280167, 0, 0.98123353719711, 0, -0.016784057021141, 0, 0, 1, },
		{ 0.9846316576004, 0, -0.17464354634285, 0, 0, 1, 0, 0, 0.17464354634285, 0, 0.9846316576004, 0, -0.013244933448732, 0, 0, 1, },
		{ 0.98773008584976, 0, -0.15617050230503, 0, 0, 1, 0, 0, 0.15617050230503, 0, 0.98773008584976, 0, -0.0097058098763227, 0, 0, 1, },
		{ 0.99050331115723, 0, -0.13748869299889, 0, 0, 1, 0, 0, 0.13748869299889, 0, 0.99050331115723, 0, -0.0070684812963009, 0, 0, 1, },
		{ 0.99302065372467, 0, -0.11794016510248, 0, 0, 1, 0, 0, 0.11794016510248, 0, 0.99302065372467, 0, -0.0044311522506177, 0, 0, 1, },
		{ 0.99558365345001, 0, -0.09387780725956, 0, 0, 1, 0, 0, 0.09387780725956, 0, 0.99558365345001, 0, -0.003323364071548, 0, 0, 1, },
		{ 0.99814534187317, 0, -0.060875933617353, 0, 0, 1, 0, 0, 0.060875933617353, 0, 0.99814534187317, 0, -0.0022155761253089, 0, 0, 1, },
		{ 0.99978578090668, 0, -0.020698824897408, 0, 0, 1, 0, 0, 0.020698824897408, 0, 0.99978578090668, 0, -0.0011077880626544, 0, 0, 1, },
		{ 1, 0, 0, 0, 0, 1, 0, 0, 0, 0, 1, 0, 0, 0, 0, 1, },
	},
}
end
