function data()
return {
	times = { 0, 41.667, 83.333, 125, 166.667, 208.333, 250, 291.667, 333.333, 375, 416.667, 458.333, 500, 541.667, 583.333, 625, 666.667, 708.333, 750, 791.667, 833.333, 875, 916.667, 958.333, 1000, 1041.667, 1083.333, 1125, 1166.667, 1208.333, 1250, 1291.667, 1333.333, 1375, 1416.667, 1458.333, 1500, 1541.667, 1583.333, 1625, 1666.667, 1708.333, 1750, 1791.667, 1833.333, 1875, 1916.667, 1958.333, 2000, 2041.667, 2083.333, 2125, 2166.667, 2208.333, 2250, 2291.667, 2333.333, 2375, 2416.667, 2458.333, 2500, 2541.667, 2583.333, 2625, 2666.667, 2708.333, 2750, 2791.667, 2833.333, 2875, 2916.667, 2958.333, 3000, 3041.667, 3083.333, 3125, 3250, 3291.667, 3333.333, 3375, 3416.667, 3458.333, 3500, 3541.667, 3583.333, 3625, 3666.667, 3708.333, 3750, 3791.667, 3833.333, 3875, 3916.667, 3958.333, 4000, 4041.667, 4083.333, 4125, 4166.667, },
	transfs = {
		{ 1, 0, 0, 0, 0, 1, 0, 0, 0, 0, 1, 0, 0, 0, 0, 1, },
		{ 0.99999809265137, 0, 0.0019153710454702, 0, 0, 1, 0, 0, -0.0019153710454702, 0, 0.99999809265137, 0, 0.0069439695216715, 0, 0, 1, },
		{ 0.9999760389328, 0, 0.0069202776066959, 0, 0, 1, 0, 0, -0.0069202776066959, 0, 0.9999760389328, 0, 0.025113524869084, 0, 0, 1, },
		{ 0.99990338087082, 0, 0.013902700506151, 0, 0, 1, 0, 0, -0.013902700506151, 0, 0.99990338087082, 0, 0.050515592098236, 0, 0, 1, },
		{ 0.99976342916489, 0, 0.0217503644526, 0, 0, 1, 0, 0, -0.0217503644526, 0, 0.99976342916489, 0, 0.079156801104546, 0, 0, 1, },
		{ 0.99956917762756, 0, 0.029351184144616, 0, 0, 1, 0, 0, -0.029351184144616, 0, 0.99956917762756, 0, 0.1070442199707, 0, 0, 1, },
		{ 0.9993571639061, 0, 0.035848222672939, 0, 0, 1, 0, 0, -0.035848222672939, 0, 0.9993571639061, 0, 0.13103103637695, 0, 0, 1, },
		{ 0.99914252758026, 0, 0.041402671486139, 0, 0, 1, 0, 0, -0.041402671486139, 0, 0.99914252758026, 0, 0.15135757625103, 0, 0, 1, },
		{ 0.99892151355743, 0, 0.046429976820946, 0, 0, 1, 0, 0, -0.046429976820946, 0, 0.99892151355743, 0, 0.16911239922047, 0, 0, 1, },
		{ 0.99868094921112, 0, 0.051345251500607, 0, 0, 1, 0, 0, -0.051345251500607, 0, 0.99868094921112, 0, 0.18538147211075, 0, 0, 1, },
		{ 0.99839901924133, 0, 0.056563273072243, 0, 0, 1, 0, 0, -0.056563273072243, 0, 0.99839901924133, 0, 0.2012532055378, 0, 0, 1, },
		{ 0.99805361032486, 0, 0.062361970543861, 0, 0, 1, 0, 0, -0.062361970543861, 0, 0.99805361032486, 0, 0.21756118535995, 0, 0, 1, },
		{ 0.99765288829803, 0, 0.068473801016808, 0, 0, 1, 0, 0, -0.068473801016808, 0, 0.99765288829803, 0, 0.23412719368935, 0, 0, 1, },
		{ 0.99722129106522, 0, 0.074495404958725, 0, 0, 1, 0, 0, -0.074495404958725, 0, 0.99722129106522, 0, 0.25051879882813, 0, 0, 1, },
		{ 0.99679285287857, 0, 0.08002395182848, 0, 0, 1, 0, 0, -0.08002395182848, 0, 0.99679285287857, 0, 0.26630446314812, 0, 0, 1, },
		{ 0.99641013145447, 0, 0.084657475352287, 0, 0, 1, 0, 0, -0.084657475352287, 0, 0.99641013145447, 0, 0.28105163574219, 0, 0, 1, },
		{ 0.99610733985901, 0, 0.088148482143879, 0, 0, 1, 0, 0, -0.088148482143879, 0, 0.99610733985901, 0, 0.29440489411354, 0, 0, 1, },
		{ 0.99586313962936, 0, 0.090865157544613, 0, 0, 1, 0, 0, -0.090865157544613, 0, 0.99586313962936, 0, 0.30631422996521, 0, 0, 1, },
		{ 0.99563533067703, 0, 0.093329019844532, 0, 0, 1, 0, 0, -0.093329019844532, 0, 0.99563533067703, 0, 0.31680601835251, 0, 0, 1, },
		{ 0.99537539482117, 0, 0.096061132848263, 0, 0, 1, 0, 0, -0.096061132848263, 0, 0.99537539482117, 0, 0.32590666413307, 0, 0, 1, },
		{ 0.9950293302536, 0, 0.099581874907017, 0, 0, 1, 0, 0, -0.099581874907017, 0, 0.9950293302536, 0, 0.33364194631577, 0, 0, 1, },
		{ 0.99455547332764, 0, 0.10420839488506, 0, 0, 1, 0, 0, -0.10420839488506, 0, 0.99455547332764, 0, 0.3400294482708, 0, 0, 1, },
		{ 0.99399256706238, 0, 0.10944753885269, 0, 0, 1, 0, 0, -0.10944753885269, 0, 0.99399256706238, 0, 0.34504866600037, 0, 0, 1, },
		{ 0.99341112375259, 0, 0.1146047487855, 0, 0, 1, 0, 0, -0.1146047487855, 0, 0.99341112375259, 0, 0.34795698523521, 0, 0, 1, },
		{ 0.99289578199387, 0, 0.11898703873158, 0, 0, 1, 0, 0, -0.11898703873158, 0, 0.99289578199387, 0, 0.35086530447006, 0, 0, 1, },
		{ 0.99254202842712, 0, 0.12190274149179, 0, 0, 1, 0, 0, -0.12190274149179, 0, 0.99254202842712, 0, 0.34892272949219, 0, 0, 1, },
		{ 0.99234580993652, 0, 0.123490229249, 0, 0, 1, 0, 0, -0.123490229249, 0, 0.99234580993652, 0, 0.34697997570038, 0, 0, 1, },
		{ 0.99222546815872, 0, 0.1244530081749, 0, 0, 1, 0, 0, -0.1244530081749, 0, 0.99222546815872, 0, 0.34503722190857, 0, 0, 1, },
		{ 0.99216336011887, 0, 0.12494737654924, 0, 0, 1, 0, 0, -0.12494737654924, 0, 0.99216336011887, 0, 0.34309461712837, 0, 0, 1, },
		{ 0.99215024709702, 0, 0.12505143880844, 0, 0, 1, 0, 0, -0.12505143880844, 0, 0.99215024709702, 0, 0.33709716796875, 0, 0, 1, },
		{ 0.99213707447052, 0, 0.12515550851822, 0, 0, 1, 0, 0, -0.12515550851822, 0, 0.99213707447052, 0, 0.32990661263466, 0, 0, 1, },
		{ 0.99222296476364, 0, 0.12447263300419, 0, 0, 1, 0, 0, -0.12447263300419, 0, 0.99222296476364, 0, 0.32170179486275, 0, 0, 1, },
		{ 0.99246883392334, 0, 0.12249745428562, 0, 0, 1, 0, 0, -0.12249745428562, 0, 0.99246883392334, 0, 0.31244322657585, 0, 0, 1, },
		{ 0.99285346269608, 0, 0.11933959275484, 0, 0, 1, 0, 0, -0.11933959275484, 0, 0.99285346269608, 0, 0.30203765630722, 0, 0, 1, },
		{ 0.99335294961929, 0, 0.11510843038559, 0, 0, 1, 0, 0, -0.11510843038559, 0, 0.99335294961929, 0, 0.29039168357849, 0, 0, 1, },
		{ 0.99394118785858, 0, 0.1099131628871, 0, 0, 1, 0, 0, -0.1099131628871, 0, 0.99394118785858, 0, 0.27741211652756, 0, 0, 1, },
		{ 0.99460065364838, 0, 0.10377632826567, 0, 0, 1, 0, 0, -0.10377632826567, 0, 0.99460065364838, 0, 0.26305145025253, 0, 0, 1, },
		{ 0.99534523487091, 0, 0.096373565495014, 0, 0, 1, 0, 0, -0.096373565495014, 0, 0.99534523487091, 0, 0.2474479675293, 0, 0, 1, },
		{ 0.99618268013, 0, 0.087292477488518, 0, 0, 1, 0, 0, -0.087292477488518, 0, 0.99618268013, 0, 0.23078490793705, 0, 0, 1, },
		{ 0.99709862470627, 0, 0.076119378209114, 0, 0, 1, 0, 0, -0.076119378209114, 0, 0.99709862470627, 0, 0.21324583888054, 0, 0, 1, },
		{ 0.99804878234863, 0, 0.062439300119877, 0, 0, 1, 0, 0, -0.062439300119877, 0, 0.99804878234863, 0, 0.1950146406889, 0, 0, 1, },
		{ 0.99892747402191, 0, 0.046300508081913, 0, 0, 1, 0, 0, -0.046300508081913, 0, 0.99892747402191, 0, 0.17624633014202, 0, 0, 1, },
		{ 0.99956148862839, 0, 0.029609579592943, 0, 0, 1, 0, 0, -0.029609579592943, 0, 0.99956148862839, 0, 0.15698119997978, 0, 0, 1, },
		{ 0.99989128112793, 0, 0.01474367454648, 0, 0, 1, 0, 0, -0.01474367454648, 0, 0.99989128112793, 0, 0.13722960650921, 0, 0, 1, },
		{ 0.99999159574509, 0, 0.0040816543623805, 0, 0, 1, 0, 0, -0.0040816543623805, 0, 0.99999159574509, 0, 0.11700408905745, 0, 0, 1, },
		{ 1, 0, 0, 0, 0, 1, 0, 0, 0, 0, 1, 0, 0.096314698457718, 0, 0, 1, },
		{ 0.99999958276749, 0, 0.00087840744527057, 0, 0, 1, 0, 0, -0.00087840744527057, 0, 0.99999958276749, 0, 0.075196988880634, 0, 0, 1, },
		{ 0.99999523162842, 0, 0.0030744227115065, 0, 0, 1, 0, 0, -0.0030744227115065, 0, 0.99999523162842, 0, 0.053780820220709, 0, 0, 1, },
		{ 0.99998235702515, 0, 0.0059292204678059, 0, 0, 1, 0, 0, -0.0059292204678059, 0, 0.99998235702515, 0, 0.032218627631664, 0, 0, 1, },
		{ 0.99996143579483, 0, 0.0087839681655169, 0, 0, 1, 0, 0, -0.0087839681655169, 0, 0.99996143579483, 0, 0.010664672590792, 0, 0, 1, },
		{ 0.99993973970413, 0, 0.010979878716171, 0, 0, 1, 0, 0, -0.010979878716171, 0, 0.99993973970413, 0, -0.010727691464126, 0, 0, 1, },
		{ 0.99992686510086, 0, 0.012090328149498, 0, 0, 1, 0, 0, -0.012090328149498, 0, 0.99992686510086, 0, -0.031824186444283, 0, 0, 1, },
		{ 0.99992042779922, 0, 0.012617071159184, 0, 0, 1, 0, 0, -0.012617071159184, 0, 0.99992042779922, 0, -0.052564390003681, 0, 0, 1, },
		{ 0.9999116063118, 0, 0.013293946161866, 0, 0, 1, 0, 0, -0.013293946161866, 0, 0.9999116063118, 0, -0.072906494140625, 0, 0, 1, },
		{ 0.99988961219788, 0, 0.014854737557471, 0, 0, 1, 0, 0, -0.014854737557471, 0, 0.99988961219788, 0, -0.092809446156025, 0, 0, 1, },
		{ 0.99983739852905, 0, 0.01803314499557, 0, 0, 1, 0, 0, -0.01803314499557, 0, 0.99983739852905, 0, -0.11223144084215, 0, 0, 1, },
		{ 0.99972438812256, 0, 0.023473154753447, 0, 0, 1, 0, 0, -0.023473154753447, 0, 0.99972438812256, 0, -0.13112945854664, 0, 0, 1, },
		{ 0.9995374083519, 0, 0.030413027852774, 0, 0, 1, 0, 0, -0.030413027852774, 0, 0.9995374083519, 0, -0.14945282042027, 0, 0, 1, },
		{ 0.99929738044739, 0, 0.037478070706129, 0, 0, 1, 0, 0, -0.037478070706129, 0, 0.99929738044739, 0, -0.16714949905872, 0, 0, 1, },
		{ 0.99906229972839, 0, 0.043294638395309, 0, 0, 1, 0, 0, -0.043294638395309, 0, 0.99906229972839, 0, -0.18416793644428, 0, 0, 1, },
		{ 0.99891871213913, 0, 0.04649044573307, 0, 0, 1, 0, 0, -0.04649044573307, 0, 0.99891871213913, 0, -0.20045547187328, 0, 0, 1, },
		{ 0.99887484312057, 0, 0.047423508018255, 0, 0, 1, 0, 0, -0.047423508018255, 0, 0.99887484312057, 0, -0.21595901250839, 0, 0, 1, },
		{ 0.99886310100555, 0, 0.047671027481556, 0, 0, 1, 0, 0, -0.047671027481556, 0, 0.99886310100555, 0, -0.23061965405941, 0, 0, 1, },
		{ 0.99886220693588, 0, 0.047690067440271, 0, 0, 1, 0, 0, -0.047690067440271, 0, 0.99886220693588, 0, -0.24437743425369, 0, 0, 1, },
		{ 0.99885034561157, 0, 0.047937598079443, 0, 0, 1, 0, 0, -0.047937598079443, 0, 0.99885034561157, 0, -0.25717237591743, 0, 0, 1, },
		{ 0.99880510568619, 0, 0.048870604485273, 0, 0, 1, 0, 0, -0.048870604485273, 0, 0.99880510568619, 0, -0.26894393563271, 0, 0, 1, },
		{ 0.9986469745636, 0, 0.052001692354679, 0, 0, 1, 0, 0, -0.052001692354679, 0, 0.9986469745636, 0, -0.27963697910309, 0, 0, 1, },
		{ 0.99833077192307, 0, 0.057755015790462, 0, 0, 1, 0, 0, -0.057755015790462, 0, 0.99833077192307, 0, -0.2892147898674, 0, 0, 1, },
		{ 0.99788820743561, 0, 0.064954608678818, 0, 0, 1, 0, 0, -0.064954608678818, 0, 0.99788820743561, 0, -0.29764541983604, 0, 0, 1, },
		{ 0.9973738193512, 0, 0.072425551712513, 0, 0, 1, 0, 0, -0.072425551712513, 0, 0.9973738193512, 0, -0.30489683151245, 0, 0, 1, },
		{ 0.99687492847443, 0, 0.07899497449398, 0, 0, 1, 0, 0, -0.07899497449398, 0, 0.99687492847443, 0, -0.31093686819077, 0, 0, 1, },
		{ 0.99648684263229, 0, 0.083749525249004, 0, 0, 1, 0, 0, -0.083749525249004, 0, 0.99648684263229, 0, -0.31574934720993, 0, 0, 1, },
		{ 0.99622523784637, 0, 0.086805440485477, 0, 0, 1, 0, 0, -0.086805440485477, 0, 0.99622523784637, 0, -0.31938216090202, 0, 0, 1, },
		{ 0.99607306718826, 0, 0.088535256683826, 0, 0, 1, 0, 0, -0.088535256683826, 0, 0.99607306718826, 0, -0.32137206196785, 0, 0, 1, },
		{ 0.99600374698639, 0, 0.089310839772224, 0, 0, 1, 0, 0, -0.089310839772224, 0, 0.99600374698639, 0, -0.32336181402206, 0, 0, 1, },
		{ 0.99598652124405, 0, 0.08950362354517, 0, 0, 1, 0, 0, -0.08950362354517, 0, 0.99598652124405, 0, -0.32209074497223, 0, 0, 1, },
		{ 0.99598729610443, 0, 0.089494697749615, 0, 0, 1, 0, 0, -0.089494697749615, 0, 0.99598729610443, 0, -0.31827741861343, 0, 0, 1, },
		{ 0.99598753452301, 0, 0.089491724967957, 0, 0, 1, 0, 0, -0.089491724967957, 0, 0.99598753452301, 0, -0.31410628557205, 0, 0, 1, },
		{ 0.99598783254623, 0, 0.089488737285137, 0, 0, 1, 0, 0, -0.089488737285137, 0, 0.99598783254623, 0, -0.3088703751564, 0, 0, 1, },
		{ 0.99598813056946, 0, 0.089485764503479, 0, 0, 1, 0, 0, -0.089485764503479, 0, 0.99598813056946, 0, -0.30259245634079, 0, 0, 1, },
		{ 0.99602556228638, 0, 0.08906701952219, 0, 0, 1, 0, 0, -0.08906701952219, 0, 0.99602556228638, 0, -0.29515790939331, 0, 0, 1, },
		{ 0.99612659215927, 0, 0.087930329144001, 0, 0, 1, 0, 0, -0.087930329144001, 0, 0.99612659215927, 0, -0.2864176928997, 0, 0, 1, },
		{ 0.99631959199905, 0, 0.085716471076012, 0, 0, 1, 0, 0, -0.085716471076012, 0, 0.99631959199905, 0, -0.27622330188751, 0, 0, 1, },
		{ 0.99662691354752, 0, 0.082065671682358, 0, 0, 1, 0, 0, -0.082065671682358, 0, 0.99662691354752, 0, -0.26442581415176, 0, 0, 1, },
		{ 0.99706864356995, 0, 0.076511152088642, 0, 0, 1, 0, 0, -0.076511152088642, 0, 0.99706864356995, 0, -0.25100126862526, 0, 0, 1, },
		{ 0.99758940935135, 0, 0.069392018020153, 0, 0, 1, 0, 0, -0.069392018020153, 0, 0.99758940935135, 0, -0.23642440140247, 0, 0, 1, },
		{ 0.99810343980789, 0, 0.061557859182358, 0, 0, 1, 0, 0, -0.061557859182358, 0, 0.99810343980789, 0, -0.221295312047, 0, 0, 1, },
		{ 0.99854850769043, 0, 0.053860194981098, 0, 0, 1, 0, 0, -0.053860194981098, 0, 0.99854850769043, 0, -0.20621383190155, 0, 0, 1, },
		{ 0.99888771772385, 0, 0.047152016311884, 0, 0, 1, 0, 0, -0.047152016311884, 0, 0.99888771772385, 0, -0.19177947938442, 0, 0, 1, },
		{ 0.99911642074585, 0, 0.042026661336422, 0, 0, 1, 0, 0, -0.042026661336422, 0, 0.99911642074585, 0, -0.178257599473, 0, 0, 1, },
		{ 0.99927634000778, 0, 0.038035165518522, 0, 0, 1, 0, 0, -0.038035165518522, 0, 0.99927634000778, 0, -0.16457352042198, 0, 0, 1, },
		{ 0.99940580129623, 0, 0.034467238932848, 0, 0, 1, 0, 0, -0.034467238932848, 0, 0.99940580129623, 0, -0.14931854605675, 0, 0, 1, },
		{ 0.99953132867813, 0, 0.03061212785542, 0, 0, 1, 0, 0, -0.03061212785542, 0, 0.99953132867813, 0, -0.13108307123184, 0, 0, 1, },
		{ 0.99966812133789, 0, 0.02575870230794, 0, 0, 1, 0, 0, -0.02575870230794, 0, 0.99966812133789, 0, -0.10845825076103, 0, 0, 1, },
		{ 0.99980980157852, 0, 0.019502507522702, 0, 0, 1, 0, 0, -0.019502507522702, 0, 0.99980980157852, 0, -0.08099365234375, 0, 0, 1, },
		{ 0.99991977214813, 0, 0.012667219154537, 0, 0, 1, 0, 0, -0.012667219154537, 0, 0.99991977214813, 0, -0.05207259953022, 0, 0, 1, },
		{ 0.99997955560684, 0, 0.0063840765506029, 0, 0, 1, 0, 0, -0.0063840765506029, 0, 0.99997955560684, 0, -0.026038359850645, 0, 0, 1, },
		{ 0.99999839067459, 0, 0.0017845530528575, 0, 0, 1, 0, 0, -0.0017845530528575, 0, 0.99999839067459, 0, -0.0072334287688136, 0, 0, 1, },
		{ 1, 0, 0, 0, 0, 1, 0, 0, 0, 0, 1, 0, 0, 0, 0, 1, },
	},
}
end
