function data()
return {
	times = { 0, 41.667, 83.333, 125, 166.667, 208.333, 250, 291.667, 333.333, 375, 416.667, 458.333, 500, 541.667, 583.333, 625, 666.667, 708.333, 750, 791.667, 833.333, 875, 916.667, 958.333, 1000, 1041.667, 1083.333, 1125, 1166.667, 1208.333, 1250, 1291.667, 1333.333, 1375, 1416.667, 1458.333, 1500, 1541.667, 1583.333, 1625, 1666.667, 1708.333, 1750, 1791.667, 1833.333, 1875, 1916.667, 1958.333, 2000, 2041.667, 2083.333, 2125, 2166.667, 2208.333, 2250, 2291.667, 2333.333, 2375, 2416.667, 2458.333, 2500, 2541.667, 2583.333, 2625, 2666.667, 2708.333, 2750, 2791.667, 2833.333, 2875, 2916.667, 2958.333, 3000, 3041.667, 3083.333, 3125, 3166.667, 3208.333, 3250, 3291.667, 3333.333, 3375, 3416.667, 3458.333, 3500, 3541.667, 3583.333, 3625, 3666.667, 3708.333, 3750, 3791.667, 3833.333, 3875, 3916.667, 3958.333, 4000, 4041.667, 4083.333, 4125, 4166.667, },
	transfs = {
		{ 1, 0, 0, 0, 0, 1, 0, 0, 0, 0, 1, 0, 0, 7.6293943607197e-08, 0, 1, },
		{ 0.99996823072433, 0, 0.0079699940979481, 0, 0, 1, 0, 0, -0.0079699940979481, 0, 0.99996823072433, 0, -0.019399108365178, 7.6293943607197e-08, -0.0011747359531, 1, },
		{ 0.99987292289734, 0, 0.015939496457577, 0, 0, 1, 0, 0, -0.015939496457577, 0, 0.99987292289734, 0, -0.038798063993454, 7.6293943607197e-08, -0.0023494719062001, 1, },
		{ 0.99980038404465, 0, 0.019981421530247, 0, 0, 1, 0, 0, -0.019981421530247, 0, 0.99980038404465, 0, -0.058197174221277, 7.6293943607197e-08, -0.0035242079757154, 1, },
		{ 0.99971133470535, 0, 0.02402301505208, 0, 0, 1, 0, 0, -0.02402301505208, 0, 0.99971133470535, 0, -0.077595978975296, 7.6293943607197e-08, -0.0046989056281745, 1, },
		{ 0.99960613250732, 0, 0.028064224869013, 0, 0, 1, 0, 0, -0.028064224869013, 0, 0.99960613250732, 0, -0.096995234489441, 7.6293943607197e-08, -0.0058736419305205, 1, },
		{ 0.99948447942734, 0, 0.032104969024658, 0, 0, 1, 0, 0, -0.032104969024658, 0, 0.99948447942734, 0, -0.11639449745417, 7.6293943607197e-08, -0.0070484159514308, 1, },
		{ 0.99934655427933, 0, 0.036145191639662, 0, 0, 1, 0, 0, -0.036145191639662, 0, 0.99934655427933, 0, -0.13579344749451, 7.6293943607197e-08, -0.0082231136038899, 1, },
		{ 0.999192237854, 0, 0.040184818208218, 0, 0, 1, 0, 0, -0.040184818208218, 0, 0.999192237854, 0, -0.1551925688982, 7.6293943607197e-08, -0.0093978494405746, 1, },
		{ 0.9990217089653, 0, 0.044223800301552, 0, 0, 1, 0, 0, -0.044223800301552, 0, 0.9990217089653, 0, -0.17459167540073, 7.6293943607197e-08, -0.010572586208582, 1, },
		{ 0.99883460998535, 0, 0.048262048512697, 0, 0, 1, 0, 0, -0.048262048512697, 0, 0.99883460998535, 0, -0.19399063289165, 7.6293943607197e-08, -0.011747322045267, 1, },
		{ 0.99853456020355, 0, 0.054118577390909, 0, 0, 1, 0, 0, -0.054118577390909, 0, 0.99853456020355, 0, -0.20488052070141, 7.6293943607197e-08, -0.012406768277287, 1, },
		{ 0.99819999933243, 0, 0.059973243623972, 0, 0, 1, 0, 0, -0.059973243623972, 0, 0.99819999933243, 0, -0.21577055752277, 7.6293943607197e-08, -0.013066253624856, 1, },
		{ 0.99783110618591, 0, 0.0658258497715, 0, 0, 1, 0, 0, -0.0658258497715, 0, 0.99783110618591, 0, -0.22666075825691, 7.6293943607197e-08, -0.013725699856877, 1, },
		{ 0.99742794036865, 0, 0.071676194667816, 0, 0, 1, 0, 0, -0.071676194667816, 0, 0.99742794036865, 0, -0.23755066096783, 7.6293943607197e-08, -0.014385147020221, 1, },
		{ 0.99699050188065, 0, 0.077524073421955, 0, 0, 1, 0, 0, -0.077524073421955, 0, 0.99699050188065, 0, -0.24844054877758, 7.6293943607197e-08, -0.015044593252242, 1, },
		{ 0.99671632051468, 0, 0.080972827970982, 0, 0, 1, 0, 0, -0.080972827970982, 0, 0.99671632051468, 0, -0.25684005022049, 7.6293943607197e-08, -0.015553245320916, 1, },
		{ 0.99643021821976, 0, 0.084420599043369, 0, 0, 1, 0, 0, -0.084420599043369, 0, 0.99643021821976, 0, -0.26523956656456, 7.6293943607197e-08, -0.016061896458268, 1, },
		{ 0.99613219499588, 0, 0.087867386639118, 0, 0, 1, 0, 0, -0.087867386639118, 0, 0.99613219499588, 0, -0.27363920211792, 7.6293943607197e-08, -0.016570549458265, 1, },
		{ 0.99582225084305, 0, 0.091313108801842, 0, 0, 1, 0, 0, -0.091313108801842, 0, 0.99582225084305, 0, -0.28203871846199, 7.6293943607197e-08, -0.017079161480069, 1, },
		{ 0.99550038576126, 0, 0.094757735729218, 0, 0, 1, 0, 0, -0.094757735729218, 0, 0.99550038576126, 0, -0.29043808579445, 7.6293943607197e-08, -0.017587814480066, 1, },
		{ 0.99527984857559, 0, 0.097046829760075, 0, 0, 1, 0, 0, -0.097046829760075, 0, 0.99527984857559, 0, -0.29463896155357, 7.6293943607197e-08, -0.017842177301645, 1, },
		{ 0.99505388736725, 0, 0.099335409700871, 0, 0, 1, 0, 0, -0.099335409700871, 0, 0.99505388736725, 0, -0.2988395690918, 7.6293943607197e-08, -0.018096579238772, 1, },
		{ 0.99482291936874, 0, 0.10162349790335, 0, 0, 1, 0, 0, -0.10162349790335, 0, 0.99482291936874, 0, -0.30304029583931, 7.6293943607197e-08, -0.018350943922997, 1, },
		{ 0.99458658695221, 0, 0.10391102731228, 0, 0, 1, 0, 0, -0.10391102731228, 0, 0.99458658695221, 0, -0.30724090337753, 7.6293943607197e-08, -0.018605345860124, 1, },
		{ 0.99434489011765, 0, 0.10619800537825, 0, 0, 1, 0, 0, -0.10619800537825, 0, 0.99434489011765, 0, -0.31144180893898, 7.6293943607197e-08, -0.018859710544348, 1, },
		{ 0.9946483373642, 0, 0.10331854969263, 0, 0, 1, 0, 0, -0.10331854969263, 0, 0.9946483373642, 0, -0.30671828985214, 7.6293943607197e-08, -0.018573684617877, 1, },
		{ 0.99494326114655, 0, 0.10043825209141, 0, 0, 1, 0, 0, -0.10043825209141, 0, 0.99494326114655, 0, -0.3019947707653, 7.6293943607197e-08, -0.018287658691406, 1, },
		{ 0.99522984027863, 0, 0.097557090222836, 0, 0, 1, 0, 0, -0.097557090222836, 0, 0.99522984027863, 0, -0.29727125167847, 7.6293943607197e-08, -0.018001593649387, 1, },
		{ 0.99550819396973, 0, 0.09467513859272, 0, 0, 1, 0, 0, -0.09467513859272, 0, 0.99550819396973, 0, -0.29254791140556, 7.6293943607197e-08, -0.017715567722917, 1, },
		{ 0.99577808380127, 0, 0.091792374849319, 0, 0, 1, 0, 0, -0.091792374849319, 0, 0.99577808380127, 0, -0.28782424330711, 7.6293943607197e-08, -0.017429541796446, 1, },
		{ 0.99648040533066, 0, 0.083825156092644, 0, 0, 1, 0, 0, -0.083825156092644, 0, 0.99648040533066, 0, -0.27897566556931, 7.6293943607197e-08, -0.016893692314625, 1, },
		{ 0.99711900949478, 0, 0.075852565467358, 0, 0, 1, 0, 0, -0.075852565467358, 0, 0.99711900949478, 0, -0.27012678980827, 7.6293943607197e-08, -0.016357840970159, 1, },
		{ 0.997693836689, 0, 0.067875124514103, 0, 0, 1, 0, 0, -0.067875124514103, 0, 0.997693836689, 0, -0.26127791404724, 7.6293943607197e-08, -0.015821991488338, 1, },
		{ 0.99820476770401, 0, 0.05989333614707, 0, 0, 1, 0, 0, -0.05989333614707, 0, 0.99820476770401, 0, -0.25242918729782, 7.6293943607197e-08, -0.015286140143871, 1, },
		{ 0.99865186214447, 0, 0.051907729357481, 0, 0, 1, 0, 0, -0.051907729357481, 0, 0.99865186214447, 0, -0.24358047544956, 7.6293943607197e-08, -0.014750289730728, 1, },
		{ 0.99880760908127, 0, 0.04881751164794, 0, 0, 1, 0, 0, -0.04881751164794, 0, 0.99880760908127, 0, -0.23141112923622, 7.6293943607197e-08, -0.014013366773725, 1, },
		{ 0.99895399808884, 0, 0.045726835727692, 0, 0, 1, 0, 0, -0.045726835727692, 0, 0.99895399808884, 0, -0.21924163401127, 7.6293943607197e-08, -0.013276442885399, 1, },
		{ 0.99909061193466, 0, 0.042635716497898, 0, 0, 1, 0, 0, -0.042635716497898, 0, 0.99909061193466, 0, -0.20707228779793, 7.6293943607197e-08, -0.012539519928396, 1, },
		{ 0.99938082695007, 0, 0.035185411572456, 0, 0, 1, 0, 0, -0.035185411572456, 0, 0.99938082695007, 0, -0.19490279257298, 7.6293943607197e-08, -0.011802558787167, 1, },
		{ 0.99961531162262, 0, 0.02773317694664, 0, 0, 1, 0, 0, -0.02773317694664, 0, 0.99961531162262, 0, -0.1827334612608, 7.6293943607197e-08, -0.011065635830164, 1, },
		{ 0.99968844652176, 0, 0.024960473179817, 0, 0, 1, 0, 0, -0.024960473179817, 0, 0.99968844652176, 0, -0.16327728331089, 7.6293943607197e-08, -0.0098874280229211, 1, },
		{ 0.99975383281708, 0, 0.022187564522028, 0, 0, 1, 0, 0, -0.022187564522028, 0, 0.99975383281708, 0, -0.1438207924366, 7.6293943607197e-08, -0.0087092211470008, 1, },
		{ 0.99981147050858, 0, 0.019414484500885, 0, 0, 1, 0, 0, -0.019414484500885, 0, 0.99981147050858, 0, -0.12436462193727, 7.6293943607197e-08, -0.0075310515239835, 1, },
		{ 0.99986147880554, 0, 0.016641270369291, 0, 0, 1, 0, 0, -0.016641270369291, 0, 0.99986147880554, 0, -0.10490813851357, 7.6293943607197e-08, -0.0063528441824019, 1, },
		{ 0.99990379810333, 0, 0.013867910951376, 0, 0, 1, 0, 0, -0.013867910951376, 0, 0.99990379810333, 0, -0.08545196056366, 7.6293943607197e-08, -0.0051746368408203, 1, },
		{ 0.99993842840195, 0, 0.011094464920461, 0, 0, 1, 0, 0, -0.011094464920461, 0, 0.99993842840195, 0, -0.065995633602142, 7.6293943607197e-08, -0.0039964294992387, 1, },
		{ 0.99996531009674, 0, 0.0083209229633212, 0, 0, 1, 0, 0, -0.0083209229633212, 0, 0.99996531009674, 0, -0.046539306640625, 7.6293943607197e-08, -0.0028182219248265, 1, },
		{ 0.99998462200165, 0, 0.0055473106913269, 0, 0, 1, 0, 0, -0.0055473106913269, 0, 0.99998462200165, 0, -0.027082823216915, 7.6293943607197e-08, -0.0016400145832449, 1, },
		{ 0.99999606609344, 0, 0.0027736686170101, 0, 0, 1, 0, 0, -0.0027736686170101, 0, 0.99999606609344, 0, -0.0076264953240752, 7.6293943607197e-08, -0.00046180724166334, 1, },
		{ 1, 0, 0, 0, 0, 1, 0, 0, 0, 0, 1, 0, 0.011829680763185, 7.6293943607197e-08, 0.00071636197390035, 1, },
		{ 0.99999189376831, 0, 0.0040222406387329, 0, 0, 1, 0, 0, -0.0040222406387329, 0, 0.99999189376831, 0, 0.032201383262873, 7.6293943607197e-08, 0.0019499969203025, 1, },
		{ 0.99996757507324, 0, 0.0080444253981113, 0, 0, 1, 0, 0, -0.0080444253981113, 0, 0.99996757507324, 0, 0.052572630345821, 7.6293943607197e-08, 0.0031835937406868, 1, },
		{ 0.99992716312408, 0, 0.012066472321749, 0, 0, 1, 0, 0, -0.012066472321749, 0, 0.99992716312408, 0, 0.072944030165672, 7.6293943607197e-08, 0.004417228512466, 1, },
		{ 0.99987059831619, 0, 0.016088332980871, 0, 0, 1, 0, 0, -0.016088332980871, 0, 0.99987059831619, 0, 0.093315429985523, 7.6293943607197e-08, 0.0056508253328502, 1, },
		{ 0.99979770183563, 0, 0.020109929144382, 0, 0, 1, 0, 0, -0.020109929144382, 0, 0.99979770183563, 0, 0.11368697881699, 7.6293943607197e-08, 0.00688446033746, 1, },
		{ 0.99977600574493, 0, 0.02116521447897, 0, 0, 1, 0, 0, -0.02116521447897, 0, 0.99977600574493, 0, 0.13405853509903, 7.6293943607197e-08, 0.008118056692183, 1, },
		{ 0.99975299835205, 0, 0.022220488637686, 0, 0, 1, 0, 0, -0.022220488637686, 0, 0.99975299835205, 0, 0.15443007647991, 7.6293943607197e-08, 0.0093516921624541, 1, },
		{ 0.99972903728485, 0, 0.023275716230273, 0, 0, 1, 0, 0, -0.023275716230273, 0, 0.99972903728485, 0, 0.17480148375034, 7.6293943607197e-08, 0.010585326701403, 1, },
		{ 0.99970388412476, 0, 0.02433093637228, 0, 0, 1, 0, 0, -0.02433093637228, 0, 0.99970388412476, 0, 0.19517287611961, 7.6293943607197e-08, 0.011818923987448, 1, },
		{ 0.9996777176857, 0, 0.025386109948158, 0, 0, 1, 0, 0, -0.025386109948158, 0, 0.9996777176857, 0, 0.21554443240166, 7.6293943607197e-08, 0.013052558526397, 1, },
		{ 0.99959009885788, 0, 0.02862992323935, 0, 0, 1, 0, 0, -0.02862992323935, 0, 0.99959009885788, 0, 0.22748260200024, 7.6293943607197e-08, 0.013775481842458, 1, },
		{ 0.99949193000793, 0, 0.031873427331448, 0, 0, 1, 0, 0, -0.031873427331448, 0, 0.99949193000793, 0, 0.23942077159882, 7.6293943607197e-08, 0.01449840515852, 1, },
		{ 0.99938315153122, 0, 0.035116594284773, 0, 0, 1, 0, 0, -0.035116594284773, 0, 0.99938315153122, 0, 0.25135910511017, 7.6293943607197e-08, 0.015221328474581, 1, },
		{ 0.99926406145096, 0, 0.038359388709068, 0, 0, 1, 0, 0, -0.038359388709068, 0, 0.99926406145096, 0, 0.26329711079597, 7.6293943607197e-08, 0.015944289043546, 1, },
		{ 0.99913430213928, 0, 0.041601784527302, 0, 0, 1, 0, 0, -0.041601784527302, 0, 0.99913430213928, 0, 0.2752351462841, 7.6293943607197e-08, 0.016667174175382, 1, },
		{ 0.99899399280548, 0, 0.044843733310699, 0, 0, 1, 0, 0, -0.044843733310699, 0, 0.99899399280548, 0, 0.28717330098152, 7.6293943607197e-08, 0.017390135675669, 1, },
		{ 0.99884325265884, 0, 0.048085227608681, 0, 0, 1, 0, 0, -0.048085227608681, 0, 0.99884325265884, 0, 0.29911130666733, 7.6293943607197e-08, 0.018113059923053, 1, },
		{ 0.99868190288544, 0, 0.05132620036602, 0, 0, 1, 0, 0, -0.05132620036602, 0, 0.99868190288544, 0, 0.31104949116707, 7.6293943607197e-08, 0.018835982307792, 1, },
		{ 0.99851012229919, 0, 0.054566636681557, 0, 0, 1, 0, 0, -0.054566636681557, 0, 0.99851012229919, 0, 0.32298782467842, 7.6293943607197e-08, 0.019558906555176, 1, },
		{ 0.99878579378128, 0, 0.049263179302216, 0, 0, 1, 0, 0, -0.049263179302216, 0, 0.99878579378128, 0, 0.33492583036423, 7.6293943607197e-08, 0.020281828939915, 1, },
		{ 0.9989572763443, 0, 0.045653093606234, 0, 0, 1, 0, 0, -0.045653093606234, 0, 0.9989572763443, 0, 0.33983626961708, 7.6293943607197e-08, 0.020579185336828, 1, },
		{ 0.99873560667038, 0, 0.050270952284336, 0, 0, 1, 0, 0, -0.050270952284336, 0, 0.99873560667038, 0, 0.34474685788155, 7.6293943607197e-08, 0.020876539871097, 1, },
		{ 0.9984924197197, 0, 0.054887723177671, 0, 0, 1, 0, 0, -0.054887723177671, 0, 0.9984924197197, 0, 0.34965759515762, 7.6293943607197e-08, 0.021173935383558, 1, },
		{ 0.99822813272476, 0, 0.059503328055143, 0, 0, 1, 0, 0, -0.059503328055143, 0, 0.99822813272476, 0, 0.35456815361977, 7.6293943607197e-08, 0.021471289917827, 1, },
		{ 0.99794232845306, 0, 0.064117655158043, 0, 0, 1, 0, 0, -0.064117655158043, 0, 0.99794232845306, 0, 0.35947874188423, 7.6293943607197e-08, 0.02176864631474, 1, },
		{ 0.99814188480377, 0, 0.060931652784348, 0, 0, 1, 0, 0, -0.060931652784348, 0, 0.99814188480377, 0, 0.35567259788513, 7.6293943607197e-08, 0.021538162603974, 1, },
		{ 0.99833130836487, 0, 0.057745024561882, 0, 0, 1, 0, 0, -0.057745024561882, 0, 0.99833130836487, 0, 0.35186660289764, 7.6293943607197e-08, 0.021307677030563, 1, },
		{ 0.99851059913635, 0, 0.054557807743549, 0, 0, 1, 0, 0, -0.054557807743549, 0, 0.99851059913635, 0, 0.34806045889854, 7.6293943607197e-08, 0.021077193319798, 1, },
		{ 0.99867963790894, 0, 0.051370035856962, 0, 0, 1, 0, 0, -0.051370035856962, 0, 0.99867963790894, 0, 0.34425428509712, 7.6293943607197e-08, 0.020846709609032, 1, },
		{ 0.9990012049675, 0, 0.044683147221804, 0, 0, 1, 0, 0, -0.044683147221804, 0, 0.9990012049675, 0, 0.34044829010963, 7.6293943607197e-08, 0.020616263151169, 1, },
		{ 0.99894720315933, 0, 0.04587309807539, 0, 0, 1, 0, 0, -0.04587309807539, 0, 0.99894720315933, 0, 0.33011901378632, 7.6293943607197e-08, 0.019990768283606, 1, },
		{ 0.99889189004898, 0, 0.04706297442317, 0, 0, 1, 0, 0, -0.04706297442317, 0, 0.99889189004898, 0, 0.319789737463, 7.6293943607197e-08, 0.019365234300494, 1, },
		{ 0.99883508682251, 0, 0.048252783715725, 0, 0, 1, 0, 0, -0.048252783715725, 0, 0.99883508682251, 0, 0.30946043133736, 7.6293943607197e-08, 0.018739737570286, 1, },
		{ 0.99877697229385, 0, 0.049442529678345, 0, 0, 1, 0, 0, -0.049442529678345, 0, 0.99877697229385, 0, 0.29913115501404, 7.6293943607197e-08, 0.018114242702723, 1, },
		{ 0.99871736764908, 0, 0.050632208585739, 0, 0, 1, 0, 0, -0.050632208585739, 0, 0.99871736764908, 0, 0.28880202770233, 7.6293943607197e-08, 0.017488745972514, 1, },
		{ 0.99889159202576, 0, 0.047070074826479, 0, 0, 1, 0, 0, -0.047070074826479, 0, 0.99889159202576, 0, 0.27266174554825, 7.6293943607197e-08, 0.016511345282197, 1, },
		{ 0.9990531206131, 0, 0.043507352471352, 0, 0, 1, 0, 0, -0.043507352471352, 0, 0.9990531206131, 0, 0.25652128458023, 7.6293943607197e-08, 0.015533942729235, 1, },
		{ 0.99919372797012, 0, 0.040147602558136, 0, 0, 1, 0, 0, -0.040147602558136, 0, 0.99919372797012, 0, 0.24038070440292, 7.6293943607197e-08, 0.014556541107595, 1, },
		{ 0.99932318925858, 0, 0.036787394434214, 0, 0, 1, 0, 0, -0.036787394434214, 0, 0.99932318925858, 0, 0.22424057126045, 7.6293943607197e-08, 0.013579177670181, 1, },
		{ 0.99944120645523, 0, 0.033426776528358, 0, 0, 1, 0, 0, -0.033426776528358, 0, 0.99944120645523, 0, 0.2081001251936, 7.6293943607197e-08, 0.012601776048541, 1, },
		{ 0.99945014715195, 0, 0.033157028257847, 0, 0, 1, 0, 0, -0.033157028257847, 0, 0.99945014715195, 0, 0.187290340662, 7.6293943607197e-08, 0.011341590434313, 1, },
		{ 0.99956554174423, 0, 0.029474046081305, 0, 0, 1, 0, 0, -0.029474046081305, 0, 0.99956554174423, 0, 0.1664804071188, 7.6293943607197e-08, 0.010081405751407, 1, },
		{ 0.99966728687286, 0, 0.025790655985475, 0, 0, 1, 0, 0, -0.025790655985475, 0, 0.99966728687286, 0, 0.14567016065121, 7.6293943607197e-08, 0.0088212583214045, 1, },
		{ 0.99975562095642, 0, 0.022106930613518, 0, 0, 1, 0, 0, -0.022106930613518, 0, 0.99975562095642, 0, 0.124860227108, 7.6293943607197e-08, 0.0075610731728375, 1, },
		{ 0.99983030557632, 0, 0.018422907218337, 0, 0, 1, 0, 0, -0.018422907218337, 0, 0.99983030557632, 0, 0.1040501371026, 7.6293943607197e-08, 0.0063008880242705, 1, },
		{ 0.99989128112793, 0, 0.014738614670932, 0, 0, 1, 0, 0, -0.014738614670932, 0, 0.99989128112793, 0, 0.083240203559399, 7.6293943607197e-08, 0.0050407028757036, 1, },
		{ 0.99993890523911, 0, 0.01105413865298, 0, 0, 1, 0, 0, -0.01105413865298, 0, 0.99993890523911, 0, 0.062430113554001, 7.6293943607197e-08, 0.003780517494306, 1, },
		{ 0.99997287988663, 0, 0.0073695066384971, 0, 0, 1, 0, 0, -0.0073695066384971, 0, 0.99997287988663, 0, 0.041620023548603, 7.6293943607197e-08, 0.0025203705299646, 1, },
		{ 0.9999932050705, 0, 0.0036847740411758, 0, 0, 1, 0, 0, -0.0036847740411758, 0, 0.9999932050705, 0, 0.02080993540585, 7.6293943607197e-08, 0.0012601852649823, 1, },
		{ 1, 0, 0, 0, 0, 1, 0, 0, 0, 0, 1, 0, 0, 7.6293943607197e-08, 0, 1, },
	},
}
end
