function data()
return {
	times = { 0, 41.667, 83.333, 125, 166.667, 208.333, 250, 291.667, 333.333, 375, 416.667, 458.333, 500, 541.667, 583.333, 625, 666.667, 708.333, 750, 791.667, 833.333, 875, 916.667, 958.333, 1000, 1041.667, 1083.333, 1125, 1166.667, 1208.333, 1250, 1291.667, 1333.333, 1375, 1416.667, 1458.333, 1500, 1541.667, 1583.333, 1625, 1666.667, 1708.333, 1750, 1791.667, 1833.333, 1875, 1916.667, 1958.333, 2000, 2041.667, 2083.333, 2125, 2166.667, 2208.333, 2250, 2291.667, 2333.333, 2375, 2416.667, 2458.333, 2500, 2541.667, 2583.333, 2625, 2666.667, 2708.333, 2750, 2791.667, 2833.333, 2875, 2916.667, 2958.333, 3000, 3041.667, 3083.333, 3125, 3166.667, 3208.333, 3250, 3291.667, 3333.333, 3375, 3416.667, 3458.333, 3500, 3541.667, 3583.333, 3625, 3666.667, 3708.333, 3750, 3791.667, 3833.333, 3875, 3916.667, 3958.333, 4000, 4041.667, 4083.333, 4125, 4166.667, },
	transfs = {
		{ 1, 0, 0, 0, 0, 1, 0, 0, 0, 0, 1, 0, 0, 0, 0, 1, },
		{ 0.99998664855957, 0, 0.0051680058240891, 0, 0, 1, 0, 0, -0.0051680058240891, 0, 0.99998664855957, 0, -0.019104156643152, 0, 0, 1, },
		{ 0.99994659423828, 0, 0.010335871949792, 0, 0, 1, 0, 0, -0.010335871949792, 0, 0.99994659423828, 0, -0.038208160549402, 0, 0, 1, },
		{ 0.99987983703613, 0, 0.01550346519798, 0, 0, 1, 0, 0, -0.01550346519798, 0, 0.99987983703613, 0, -0.057312469929457, 0, 0, 1, },
		{ 0.99978631734848, 0, 0.020670648664236, 0, 0, 1, 0, 0, -0.020670648664236, 0, 0.99978631734848, 0, -0.076416470110416, 0, 0, 1, },
		{ 0.99966609477997, 0, 0.025837272405624, 0, 0, 1, 0, 0, -0.025837272405624, 0, 0.99966609477997, 0, -0.095520779490471, 0, 0, 1, },
		{ 0.99954974651337, 0, 0.030002485960722, 0, 0, 1, 0, 0, -0.030002485960722, 0, 0.99954974651337, 0, -0.11335769295692, 0, 0, 1, },
		{ 0.99941611289978, 0, 0.034167185425758, 0, 0, 1, 0, 0, -0.034167185425758, 0, 0.99941611289978, 0, -0.13119460642338, 0, 0, 1, },
		{ 0.99926507472992, 0, 0.038331281393766, 0, 0, 1, 0, 0, -0.038331281393766, 0, 0.99926507472992, 0, -0.14903166890144, 0, 0, 1, },
		{ 0.99909669160843, 0, 0.042494721710682, 0, 0, 1, 0, 0, -0.042494721710682, 0, 0.99909669160843, 0, -0.1668685823679, 0, 0, 1, },
		{ 0.99891096353531, 0, 0.046657424420118, 0, 0, 1, 0, 0, -0.046657424420118, 0, 0.99891096353531, 0, -0.18470565974712, 0, 0, 1, },
		{ 0.99874204397202, 0, 0.050143036991358, 0, 0, 1, 0, 0, -0.050143036991358, 0, 0.99874204397202, 0, -0.19904723763466, 0, 0, 1, },
		{ 0.99856090545654, 0, 0.05362806096673, 0, 0, 1, 0, 0, -0.05362806096673, 0, 0.99856090545654, 0, -0.21338881552219, 0, 0, 1, },
		{ 0.99836772680283, 0, 0.05711242556572, 0, 0, 1, 0, 0, -0.05711242556572, 0, 0.99836772680283, 0, -0.22773040831089, 0, 0, 1, },
		{ 0.99816238880157, 0, 0.060596071183681, 0, 0, 1, 0, 0, -0.060596071183681, 0, 0.99816238880157, 0, -0.24207198619843, 0, 0, 1, },
		{ 0.99794483184814, 0, 0.064079008996487, 0, 0, 1, 0, 0, -0.064079008996487, 0, 0.99794483184814, 0, -0.25641357898712, 0, 0, 1, },
		{ 0.99762696027756, 0, 0.068850159645081, 0, 0, 1, 0, 0, -0.068850159645081, 0, 0.99762696027756, 0, -0.26498427987099, 0, 0, 1, },
		{ 0.99728637933731, 0, 0.073619730770588, 0, 0, 1, 0, 0, -0.073619730770588, 0, 0.99728637933731, 0, -0.27355527877808, 0, 0, 1, },
		{ 0.99692296981812, 0, 0.0783876106143, 0, 0, 1, 0, 0, -0.0783876106143, 0, 0.99692296981812, 0, -0.28212600946426, 0, 0, 1, },
		{ 0.99653667211533, 0, 0.083153732120991, 0, 0, 1, 0, 0, -0.083153732120991, 0, 0.99653667211533, 0, -0.29069700837135, 0, 0, 1, },
		{ 0.99612772464752, 0, 0.087917938828468, 0, 0, 1, 0, 0, -0.087917938828468, 0, 0.99612772464752, 0, -0.29926770925522, 0, 0, 1, },
		{ 0.99607557058334, 0, 0.088506110012531, 0, 0, 1, 0, 0, -0.088506110012531, 0, 0.99607557058334, 0, -0.30231413245201, 0, 0, 1, },
		{ 0.99602311849594, 0, 0.089094243943691, 0, 0, 1, 0, 0, -0.089094243943691, 0, 0.99602311849594, 0, -0.3053605556488, 0, 0, 1, },
		{ 0.99597042798996, 0, 0.089682355523109, 0, 0, 1, 0, 0, -0.089682355523109, 0, 0.99597042798996, 0, -0.30840682983398, 0, 0, 1, },
		{ 0.99591732025146, 0, 0.090270422399044, 0, 0, 1, 0, 0, -0.090270422399044, 0, 0.99591732025146, 0, -0.31145325303078, 0, 0, 1, },
		{ 0.99586379528046, 0, 0.090858459472656, 0, 0, 1, 0, 0, -0.090858459472656, 0, 0.99586379528046, 0, -0.31449964642525, 0, 0, 1, },
		{ 0.99590921401978, 0, 0.090358540415764, 0, 0, 1, 0, 0, -0.090358540415764, 0, 0.99590921401978, 0, -0.3108839392662, 0, 0, 1, },
		{ 0.9959545135498, 0, 0.089858584105968, 0, 0, 1, 0, 0, -0.089858584105968, 0, 0.9959545135498, 0, -0.30726820230484, 0, 0, 1, },
		{ 0.99599945545197, 0, 0.089358605444431, 0, 0, 1, 0, 0, -0.089358605444431, 0, 0.99599945545197, 0, -0.30365264415741, 0, 0, 1, },
		{ 0.99604427814484, 0, 0.088858589529991, 0, 0, 1, 0, 0, -0.088858589529991, 0, 0.99604427814484, 0, -0.30003690719604, 0, 0, 1, },
		{ 0.99608868360519, 0, 0.088358588516712, 0, 0, 1, 0, 0, -0.088358588516712, 0, 0.99608868360519, 0, -0.296421200037, 0, 0, 1, },
		{ 0.9965488910675, 0, 0.083007901906967, 0, 0, 1, 0, 0, -0.083007901906967, 0, 0.9965488910675, 0, -0.28793868422508, 0, 0, 1, },
		{ 0.99698024988174, 0, 0.077654846012592, 0, 0, 1, 0, 0, -0.077654846012592, 0, 0.99698024988174, 0, -0.27945616841316, 0, 0, 1, },
		{ 0.99738293886185, 0, 0.072299532592297, 0, 0, 1, 0, 0, -0.072299532592297, 0, 0.99738293886185, 0, -0.27097350358963, 0, 0, 1, },
		{ 0.99775677919388, 0, 0.066942140460014, 0, 0, 1, 0, 0, -0.066942140460014, 0, 0.99775677919388, 0, -0.26249098777771, 0, 0, 1, },
		{ 0.99810194969177, 0, 0.061582814902067, 0, 0, 1, 0, 0, -0.061582814902067, 0, 0.99810194969177, 0, -0.25400832295418, 0, 0, 1, },
		{ 0.9984079003334, 0, 0.056406743824482, 0, 0, 1, 0, 0, -0.056406743824482, 0, 0.9984079003334, 0, -0.2398786842823, 0, 0, 1, },
		{ 0.9986869096756, 0, 0.051229160279036, 0, 0, 1, 0, 0, -0.051229160279036, 0, 0.9986869096756, 0, -0.22574904561043, 0, 0, 1, },
		{ 0.99893909692764, 0, 0.04605020955205, 0, 0, 1, 0, 0, -0.04605020955205, 0, 0.99893909692764, 0, -0.21161955595016, 0, 0, 1, },
		{ 0.99916440248489, 0, 0.040869999676943, 0, 0, 1, 0, 0, -0.040869999676943, 0, 0.99916440248489, 0, -0.19748993217945, 0, 0, 1, },
		{ 0.99936294555664, 0, 0.035688705742359, 0, 0, 1, 0, 0, -0.035688705742359, 0, 0.99936294555664, 0, -0.18336029350758, 0, 0, 1, },
		{ 0.99949127435684, 0, 0.031891316175461, 0, 0, 1, 0, 0, -0.031891316175461, 0, 0.99949127435684, 0, -0.16590957343578, 0, 0, 1, },
		{ 0.9996052980423, 0, 0.028093464672565, 0, 0, 1, 0, 0, -0.028093464672565, 0, 0.9996052980423, 0, -0.14845870435238, 0, 0, 1, },
		{ 0.99970483779907, 0, 0.024295203387737, 0, 0, 1, 0, 0, -0.024295203387737, 0, 0.99970483779907, 0, -0.13100783526897, 0, 0, 1, },
		{ 0.99978989362717, 0, 0.020496597513556, 0, 0, 1, 0, 0, -0.020496597513556, 0, 0.99978989362717, 0, -0.11355712264776, 0, 0, 1, },
		{ 0.99986058473587, 0, 0.016697689890862, 0, 0, 1, 0, 0, -0.016697689890862, 0, 0.99986058473587, 0, -0.096106261014938, 0, 0, 1, },
		{ 0.99985039234161, 0, 0.017297342419624, 0, 0, 1, 0, 0, -0.017297342419624, 0, 0.99985039234161, 0, -0.074788972735405, 0, 0, 1, },
		{ 0.99983978271484, 0, 0.017896989360452, 0, 0, 1, 0, 0, -0.017896989360452, 0, 0.99983978271484, 0, -0.053471829742193, 0, 0, 1, },
		{ 0.99982887506485, 0, 0.018496632575989, 0, 0, 1, 0, 0, -0.018496632575989, 0, 0.99982887506485, 0, -0.032154694199562, 0, 0, 1, },
		{ 0.99981760978699, 0, 0.01909626275301, 0, 0, 1, 0, 0, -0.01909626275301, 0, 0.99981760978699, 0, -0.010837554931641, 0, 0, 1, },
		{ 0.99980598688126, 0, 0.01969588547945, 0, 0, 1, 0, 0, -0.01969588547945, 0, 0.99980598688126, 0, 0.01047973614186, 0, 0, 1, },
		{ 0.99979627132416, 0, 0.020180923864245, 0, 0, 1, 0, 0, -0.020180923864245, 0, 0.99979627132416, 0, 0.031679838895798, 0, 0, 1, },
		{ 0.99978643655777, 0, 0.020665956661105, 0, 0, 1, 0, 0, -0.020665956661105, 0, 0.99978643655777, 0, 0.0528797917068, 0, 0, 1, },
		{ 0.99977624416351, 0, 0.021150983870029, 0, 0, 1, 0, 0, -0.021150983870029, 0, 0.99977624416351, 0, 0.074080042541027, 0, 0, 1, },
		{ 0.99976593255997, 0, 0.021636009216309, 0, 0, 1, 0, 0, -0.021636009216309, 0, 0.99976593255997, 0, 0.09527999907732, 0, 0, 1, },
		{ 0.9997553229332, 0, 0.022121023386717, 0, 0, 1, 0, 0, -0.022121023386717, 0, 0.9997553229332, 0, 0.11648009717464, 0, 0, 1, },
		{ 0.99970537424088, 0, 0.0242710839957, 0, 0, 1, 0, 0, -0.0242710839957, 0, 0.99970537424088, 0, 0.13664062321186, 0, 0, 1, },
		{ 0.99965089559555, 0, 0.026421016082168, 0, 0, 1, 0, 0, -0.026421016082168, 0, 0.99965089559555, 0, 0.1568009853363, 0, 0, 1, },
		{ 0.99959176778793, 0, 0.028570834547281, 0, 0, 1, 0, 0, -0.028570834547281, 0, 0.99959176778793, 0, 0.17696151137352, 0, 0, 1, },
		{ 0.99952799081802, 0, 0.030720518901944, 0, 0, 1, 0, 0, -0.030720518901944, 0, 0.99952799081802, 0, 0.19712188839912, 0, 0, 1, },
		{ 0.99945962429047, 0, 0.032870076596737, 0, 0, 1, 0, 0, -0.032870076596737, 0, 0.99945962429047, 0, 0.21728225052357, 0, 0, 1, },
		{ 0.9991934299469, 0, 0.040154427289963, 0, 0, 1, 0, 0, -0.040154427289963, 0, 0.9991934299469, 0, 0.23293121159077, 0, 0, 1, },
		{ 0.99887418746948, 0, 0.047436654567719, 0, 0, 1, 0, 0, -0.047436654567719, 0, 0.99887418746948, 0, 0.24858000874519, 0, 0, 1, },
		{ 0.99850195646286, 0, 0.054716352373362, 0, 0, 1, 0, 0, -0.054716352373362, 0, 0.99850195646286, 0, 0.26422867178917, 0, 0, 1, },
		{ 0.99807649850845, 0, 0.061993155628443, 0, 0, 1, 0, 0, -0.061993155628443, 0, 0.99807649850845, 0, 0.27987745404243, 0, 0, 1, },
		{ 0.99759817123413, 0, 0.069266647100449, 0, 0, 1, 0, 0, -0.069266647100449, 0, 0.99759817123413, 0, 0.29552626609802, 0, 0, 1, },
		{ 0.99732458591461, 0, 0.073100119829178, 0, 0, 1, 0, 0, -0.073100119829178, 0, 0.99732458591461, 0, 0.30602553486824, 0, 0, 1, },
		{ 0.99703621864319, 0, 0.076932497322559, 0, 0, 1, 0, 0, -0.076932497322559, 0, 0.99703621864319, 0, 0.31652480363846, 0, 0, 1, },
		{ 0.9967332482338, 0, 0.080763757228851, 0, 0, 1, 0, 0, -0.080763757228851, 0, 0.9967332482338, 0, 0.32702422142029, 0, 0, 1, },
		{ 0.9964154958725, 0, 0.084593802690506, 0, 0, 1, 0, 0, -0.084593802690506, 0, 0.9964154958725, 0, 0.33752349019051, 0, 0, 1, },
		{ 0.99608302116394, 0, 0.088422626256943, 0, 0, 1, 0, 0, -0.088422626256943, 0, 0.99608302116394, 0, 0.34802275896072, 0, 0, 1, },
		{ 0.99583202600479, 0, 0.091206230223179, 0, 0, 1, 0, 0, -0.091206230223179, 0, 0.99583202600479, 0, 0.35110092163086, 0, 0, 1, },
		{ 0.99557322263718, 0, 0.093989141285419, 0, 0, 1, 0, 0, -0.093989141285419, 0, 0.99557322263718, 0, 0.35417890548706, 0, 0, 1, },
		{ 0.99530667066574, 0, 0.096771314740181, 0, 0, 1, 0, 0, -0.096771314740181, 0, 0.99530667066574, 0, 0.35725691914558, 0, 0, 1, },
		{ 0.99503231048584, 0, 0.099552735686302, 0, 0, 1, 0, 0, -0.099552735686302, 0, 0.99503231048584, 0, 0.36033508181572, 0, 0, 1, },
		{ 0.99475014209747, 0, 0.10233338922262, 0, 0, 1, 0, 0, -0.10233338922262, 0, 0.99475014209747, 0, 0.35813018679619, 0, 0, 1, },
		{ 0.99485981464386, 0, 0.10126166790724, 0, 0, 1, 0, 0, -0.10126166790724, 0, 0.99485981464386, 0, 0.35592514276505, 0, 0, 1, },
		{ 0.99496829509735, 0, 0.10018984228373, 0, 0, 1, 0, 0, -0.10018984228373, 0, 0.99496829509735, 0, 0.35372024774551, 0, 0, 1, },
		{ 0.99507570266724, 0, 0.099117912352085, 0, 0, 1, 0, 0, -0.099117912352085, 0, 0.99507570266724, 0, 0.35151535272598, 0, 0, 1, },
		{ 0.99518185853958, 0, 0.098045870661736, 0, 0, 1, 0, 0, -0.098045870661736, 0, 0.99518185853958, 0, 0.34754928946495, 0, 0, 1, },
		{ 0.99528694152832, 0, 0.096973724663258, 0, 0, 1, 0, 0, -0.096973724663258, 0, 0.99528694152832, 0, 0.34358337521553, 0, 0, 1, },
		{ 0.9955775141716, 0, 0.093943662941456, 0, 0, 1, 0, 0, -0.093943662941456, 0, 0.9955775141716, 0, 0.33415693044662, 0, 0, 1, },
		{ 0.99585884809494, 0, 0.090912789106369, 0, 0, 1, 0, 0, -0.090912789106369, 0, 0.99585884809494, 0, 0.32473066449165, 0, 0, 1, },
		{ 0.99613100290298, 0, 0.087881058454514, 0, 0, 1, 0, 0, -0.087881058454514, 0, 0.99613100290298, 0, 0.31530424952507, 0, 0, 1, },
		{ 0.9963937997818, 0, 0.084848523139954, 0, 0, 1, 0, 0, -0.084848523139954, 0, 0.9963937997818, 0, 0.3058779835701, 0, 0, 1, },
		{ 0.99664747714996, 0, 0.081815183162689, 0, 0, 1, 0, 0, -0.081815183162689, 0, 0.99664747714996, 0, 0.29645156860352, 0, 0, 1, },
		{ 0.99722445011139, 0, 0.074453979730606, 0, 0, 1, 0, 0, -0.074453979730606, 0, 0.99722445011139, 0, 0.27873274683952, 0, 0, 1, },
		{ 0.99774700403214, 0, 0.067088738083839, 0, 0, 1, 0, 0, -0.067088738083839, 0, 0.99774700403214, 0, 0.26101395487785, 0, 0, 1, },
		{ 0.99821519851685, 0, 0.059719797223806, 0, 0, 1, 0, 0, -0.059719797223806, 0, 0.99821519851685, 0, 0.24329543113708, 0, 0, 1, },
		{ 0.99862885475159, 0, 0.052347626537085, 0, 0, 1, 0, 0, -0.052347626537085, 0, 0.99862885475159, 0, 0.22557662427425, 0, 0, 1, },
		{ 0.99898821115494, 0, 0.044972591102123, 0, 0, 1, 0, 0, -0.044972591102123, 0, 0.99898821115494, 0, 0.20785781741142, 0, 0, 1, },
		{ 0.99920386075974, 0, 0.039896029978991, 0, 0, 1, 0, 0, -0.039896029978991, 0, 0.99920386075974, 0, 0.18828582763672, 0, 0, 1, },
		{ 0.99939358234406, 0, 0.034818451851606, 0, 0, 1, 0, 0, -0.034818451851606, 0, 0.99939358234406, 0, 0.16871383786201, 0, 0, 1, },
		{ 0.99955767393112, 0, 0.029739964753389, 0, 0, 1, 0, 0, -0.029739964753389, 0, 0.99955767393112, 0, 0.14914184808731, 0, 0, 1, },
		{ 0.99969589710236, 0, 0.024660717695951, 0, 0, 1, 0, 0, -0.024660717695951, 0, 0.99969589710236, 0, 0.12956985831261, 0, 0, 1, },
		{ 0.99980819225311, 0, 0.019580833613873, 0, 0, 1, 0, 0, -0.019580833613873, 0, 0.99980819225311, 0, 0.10999771207571, 0, 0, 1, },
		{ 0.99987721443176, 0, 0.015665028244257, 0, 0, 1, 0, 0, -0.015665028244257, 0, 0.99987721443176, 0, 0.087998196482658, 0, 0, 1, },
		{ 0.99993097782135, 0, 0.011748981662095, 0, 0, 1, 0, 0, -0.011748981662095, 0, 0.99993097782135, 0, 0.065998531877995, 0, 0, 1, },
		{ 0.9999692440033, 0, 0.0078327534720302, 0, 0, 1, 0, 0, -0.0078327534720302, 0, 0.9999692440033, 0, 0.043999176472425, 0, 0, 1, },
		{ 0.99999225139618, 0, 0.0039164070039988, 0, 0, 1, 0, 0, -0.0039164070039988, 0, 0.99999225139618, 0, 0.021999664604664, 0, 0, 1, },
		{ 1, 0, 0, 0, 0, 1, 0, 0, 0, 0, 1, 0, 0, 0, 0, 1, },
	},
}
end
