function data()
return {
	times = { 0, 41.667, 83.333, 125, 166.667, 208.333, 250, 291.667, 333.333, 375, 416.667, 458.333, 500, 541.667, 583.333, 625, 666.667, 708.333, 750, 791.667, 833.333, 1000, 1041.667, 1083.333, 1125, 1166.667, 1208.333, 1250, 1291.667, 1333.333, 1375, 1416.667, 1458.333, 1500, 1541.667, 1583.333, 1625, 1666.667, 1708.333, 1750, 1791.667, 1833.333, 1875, 1916.667, 1958.333, 2000, 2041.667, 2083.333, 2125, 2166.667, 2208.333, 2250, 2291.667, 2333.333, 2375, 2416.667, 2458.333, 2500, 2541.667, 2583.333, 2625, 2666.667, 2708.333, 2750, 2791.667, 2833.333, 2875, 2916.667, 2958.333, 3000, 3041.667, 3083.333, 3125, 3166.667, 3208.333, 3291.667, 3333.333, 3375, 3416.667, 3458.333, 3500, 3541.667, 3583.333, 3625, 3666.667, 3708.333, 3750, 3791.667, 3833.333, 3875, 3916.667, 3958.333, 4000, 4041.667, 4083.333, 4125, 4166.667, },
	transfs = {
		{ 1, 0, 0, 0, 0, 1, 0, 0, 0, 0, 1, 0, 0, 0, 0, 1, },
		{ 0.99999457597733, 0, 0.0032696730922908, 0, 0, 1, 0, 0, -0.0032696730922908, 0, 0.99999457597733, 0, 0.010534972883761, 0, 0, 1, },
		{ 0.99994158744812, 0, 0.01080653257668, 0, 0, 1, 0, 0, -0.01080653257668, 0, 0.99994158744812, 0, 0.03526595979929, 0, 0, 1, },
		{ 0.99981558322906, 0, 0.019202049821615, 0, 0, 1, 0, 0, -0.019202049821615, 0, 0.99981558322906, 0, 0.06388183683157, 0, 0, 1, },
		{ 0.99966955184937, 0, 0.025705279782414, 0, 0, 1, 0, 0, -0.025705279782414, 0, 0.99966955184937, 0, 0.088143154978752, 0, 0, 1, },
		{ 0.99954408407211, 0, 0.030193515121937, 0, 0, 1, 0, 0, -0.030193515121937, 0, 0.99954408407211, 0, 0.10809707641602, 0, 0, 1, },
		{ 0.99944871664047, 0, 0.033200737088919, 0, 0, 1, 0, 0, -0.033200737088919, 0, 0.99944871664047, 0, 0.12586303055286, 0, 0, 1, },
		{ 0.99937814474106, 0, 0.035260651260614, 0, 0, 1, 0, 0, -0.035260651260614, 0, 0.99937814474106, 0, 0.14356033504009, 0, 0, 1, },
		{ 0.99931871891022, 0, 0.036906711757183, 0, 0, 1, 0, 0, -0.036906711757183, 0, 0.99931871891022, 0, 0.16272857785225, 0, 0, 1, },
		{ 0.99925196170807, 0, 0.038672246038914, 0, 0, 1, 0, 0, -0.038672246038914, 0, 0.99925196170807, 0, 0.18259017169476, 0, 0, 1, },
		{ 0.99915546178818, 0, 0.041090406477451, 0, 0, 1, 0, 0, -0.041090406477451, 0, 0.99915546178818, 0, 0.20178817212582, 0, 0, 1, },
		{ 0.9990074634552, 0, 0.044542212039232, 0, 0, 1, 0, 0, -0.044542212039232, 0, 0.9990074634552, 0, 0.21926406025887, 0, 0, 1, },
		{ 0.9988084435463, 0, 0.048800840973854, 0, 0, 1, 0, 0, -0.048800840973854, 0, 0.9988084435463, 0, 0.23515105247498, 0, 0, 1, },
		{ 0.99856853485107, 0, 0.053487572818995, 0, 0, 1, 0, 0, -0.053487572818995, 0, 0.99856853485107, 0, 0.24988052248955, 0, 0, 1, },
		{ 0.99830347299576, 0, 0.058224033564329, 0, 0, 1, 0, 0, -0.058224033564329, 0, 0.99830347299576, 0, 0.2638837993145, 0, 0, 1, },
		{ 0.99803668260574, 0, 0.062632150948048, 0, 0, 1, 0, 0, -0.062632150948048, 0, 0.99803668260574, 0, 0.2775921523571, 0, 0, 1, },
		{ 0.99779736995697, 0, 0.066334292292595, 0, 0, 1, 0, 0, -0.066334292292595, 0, 0.99779736995697, 0, 0.29143735766411, 0, 0, 1, },
		{ 0.99761390686035, 0, 0.069039165973663, 0, 0, 1, 0, 0, -0.069039165973663, 0, 0.99761390686035, 0, 0.30550292134285, 0, 0, 1, },
		{ 0.99749052524567, 0, 0.070799626410007, 0, 0, 1, 0, 0, -0.070799626410007, 0, 0.99749052524567, 0, 0.31848233938217, 0, 0, 1, },
		{ 0.99742233753204, 0, 0.0717543810606, 0, 0, 1, 0, 0, -0.0717543810606, 0, 0.99742233753204, 0, 0.32872220873833, 0, 0, 1, },
		{ 0.99740159511566, 0, 0.072041898965836, 0, 0, 1, 0, 0, -0.072041898965836, 0, 0.99740159511566, 0, 0.33456754684448, 0, 0, 1, },
		{ 0.99741405248642, 0, 0.071868747472763, 0, 0, 1, 0, 0, -0.071868747472763, 0, 0.99741405248642, 0, 0.33254256844521, 0, 0, 1, },
		{ 0.99742329120636, 0, 0.071741253137589, 0, 0, 1, 0, 0, -0.071741253137589, 0, 0.99742329120636, 0, 0.33203628659248, 0, 0, 1, },
		{ 0.99743509292603, 0, 0.071576751768589, 0, 0, 1, 0, 0, -0.071576751768589, 0, 0.99743509292603, 0, 0.33153000473976, 0, 0, 1, },
		{ 0.99744945764542, 0, 0.071375958621502, 0, 0, 1, 0, 0, -0.071375958621502, 0, 0.99744945764542, 0, 0.33102369308472, 0, 0, 1, },
		{ 0.99747061729431, 0, 0.071079917252064, 0, 0, 1, 0, 0, -0.071079917252064, 0, 0.99747061729431, 0, 0.33051756024361, 0, 0, 1, },
		{ 0.99751949310303, 0, 0.07039088010788, 0, 0, 1, 0, 0, -0.07039088010788, 0, 0.99751949310303, 0, 0.33001127839088, 0, 0, 1, },
		{ 0.99761998653412, 0, 0.068951368331909, 0, 0, 1, 0, 0, -0.068951368331909, 0, 0.99761998653412, 0, 0.32950499653816, 0, 0, 1, },
		{ 0.99778670072556, 0, 0.066495478153229, 0, 0, 1, 0, 0, -0.066495478153229, 0, 0.99778670072556, 0, 0.32364150881767, 0, 0, 1, },
		{ 0.99800562858582, 0, 0.063124522566795, 0, 0, 1, 0, 0, -0.063124522566795, 0, 0.99800562858582, 0, 0.31558579206467, 0, 0, 1, },
		{ 0.99825608730316, 0, 0.059031665325165, 0, 0, 1, 0, 0, -0.059031665325165, 0, 0.99825608730316, 0, 0.30552291870117, 0, 0, 1, },
		{ 0.99851858615875, 0, 0.054410222917795, 0, 0, 1, 0, 0, -0.054410222917795, 0, 0.99851858615875, 0, 0.29363983869553, 0, 0, 1, },
		{ 0.99877643585205, 0, 0.04945370182395, 0, 0, 1, 0, 0, -0.04945370182395, 0, 0.99877643585205, 0, 0.28012251853943, 0, 0, 1, },
		{ 0.99901574850082, 0, 0.044355854392052, 0, 0, 1, 0, 0, -0.044355854392052, 0, 0.99901574850082, 0, 0.26515746116638, 0, 0, 1, },
		{ 0.99922698736191, 0, 0.039310622960329, 0, 0, 1, 0, 0, -0.039310622960329, 0, 0.99922698736191, 0, 0.24893066287041, 0, 0, 1, },
		{ 0.99940419197083, 0, 0.034512128680944, 0, 0, 1, 0, 0, -0.034512128680944, 0, 0.99940419197083, 0, 0.23162871599197, 0, 0, 1, },
		{ 0.99954521656036, 0, 0.030154570937157, 0, 0, 1, 0, 0, -0.030154570937157, 0, 0.99954521656036, 0, 0.2134373486042, 0, 0, 1, },
		{ 0.99965053796768, 0, 0.026432244107127, 0, 0, 1, 0, 0, -0.026432244107127, 0, 0.99965053796768, 0, 0.1945436000824, 0, 0, 1, },
		{ 0.99972581863403, 0, 0.023415027186275, 0, 0, 1, 0, 0, -0.023415027186275, 0, 0.99972581863403, 0, 0.17511504888535, 0, 0, 1, },
		{ 0.99977952241898, 0, 0.020998865365982, 0, 0, 1, 0, 0, -0.020998865365982, 0, 0.99977952241898, 0, 0.15524627268314, 0, 0, 1, },
		{ 0.99981725215912, 0, 0.019117079675198, 0, 0, 1, 0, 0, -0.019117079675198, 0, 0.99981725215912, 0, 0.1350144892931, 0, 0, 1, },
		{ 0.99984323978424, 0, 0.017702911049128, 0, 0, 1, 0, 0, -0.017702911049128, 0, 0.99984323978424, 0, 0.1144956946373, 0, 0, 1, },
		{ 0.99986064434052, 0, 0.016689581796527, 0, 0, 1, 0, 0, -0.016689581796527, 0, 0.99986064434052, 0, 0.093766629695892, 0, 0, 1, },
		{ 0.99987185001373, 0, 0.016010308638215, 0, 0, 1, 0, 0, -0.016010308638215, 0, 0.99987185001373, 0, 0.072904050350189, 0, 0, 1, },
		{ 0.99987834692001, 0, 0.015598285011947, 0, 0, 1, 0, 0, -0.015598285011947, 0, 0.99987834692001, 0, 0.051984250545502, 0, 0, 1, },
		{ 0.99988162517548, 0, 0.015386706218123, 0, 0, 1, 0, 0, -0.015386706218123, 0, 0.99988162517548, 0, 0.031083526089787, 0, 0, 1, },
		{ 0.99988281726837, 0, 0.015308754518628, 0, 0, 1, 0, 0, -0.015308754518628, 0, 0.99988281726837, 0, 0.010279388166964, 0, 0, 1, },
		{ 0.99988299608231, 0, 0.015297620557249, 0, 0, 1, 0, 0, -0.015297620557249, 0, 0.99988299608231, 0, -0.0103526301682, 0, 0, 1, },
		{ 0.9998762011528, 0, 0.015729589387774, 0, 0, 1, 0, 0, -0.015729589387774, 0, 0.9998762011528, 0, -0.030746459960938, 0, 0, 1, },
		{ 0.99985587596893, 0, 0.016973270103335, 0, 0, 1, 0, 0, -0.016973270103335, 0, 0.99985587596893, 0, -0.050878752022982, 0, 0, 1, },
		{ 0.99982041120529, 0, 0.018950339406729, 0, 0, 1, 0, 0, -0.018950339406729, 0, 0.99982041120529, 0, -0.070738829672337, 0, 0, 1, },
		{ 0.99976706504822, 0, 0.021582426503301, 0, 0, 1, 0, 0, -0.021582426503301, 0, 0.99976706504822, 0, -0.09031417965889, 0, 0, 1, },
		{ 0.99969261884689, 0, 0.024791134521365, 0, 0, 1, 0, 0, -0.024791134521365, 0, 0.99969261884689, 0, -0.10959335416555, 0, 0, 1, },
		{ 0.9995938539505, 0, 0.028498025611043, 0, 0, 1, 0, 0, -0.028498025611043, 0, 0.9995938539505, 0, -0.12856429815292, 0, 0, 1, },
		{ 0.99946761131287, 0, 0.032624669373035, 0, 0, 1, 0, 0, -0.032624669373035, 0, 0.99946761131287, 0, -0.14721511304379, 0, 0, 1, },
		{ 0.99931180477142, 0, 0.037092562764883, 0, 0, 1, 0, 0, -0.037092562764883, 0, 0.99931180477142, 0, -0.16553436219692, 0, 0, 1, },
		{ 0.9991250038147, 0, 0.041823241859674, 0, 0, 1, 0, 0, -0.041823241859674, 0, 0.9991250038147, 0, -0.18350982666016, 0, 0, 1, },
		{ 0.99890714883804, 0, 0.046738229691982, 0, 0, 1, 0, 0, -0.046738229691982, 0, 0.99890714883804, 0, -0.20112991333008, 0, 0, 1, },
		{ 0.99865955114365, 0, 0.051760442554951, 0, 0, 1, 0, 0, -0.051760442554951, 0, 0.99865955114365, 0, -0.21833892166615, 0, 0, 1, },
		{ 0.99838447570801, 0, 0.056818157434464, 0, 0, 1, 0, 0, -0.056818157434464, 0, 0.99838447570801, 0, -0.23490524291992, 0, 0, 1, },
		{ 0.99808603525162, 0, 0.061840999871492, 0, 0, 1, 0, 0, -0.061840999871492, 0, 0.99808603525162, 0, -0.25055372714996, 0, 0, 1, },
		{ 0.99776911735535, 0, 0.066758781671524, 0, 0, 1, 0, 0, -0.066758781671524, 0, 0.99776911735535, 0, -0.26500898599625, 0, 0, 1, },
		{ 0.9974405169487, 0, 0.071501336991787, 0, 0, 1, 0, 0, -0.071501336991787, 0, 0.9974405169487, 0, -0.2779957652092, 0, 0, 1, },
		{ 0.99710792303085, 0, 0.07599863409996, 0, 0, 1, 0, 0, -0.07599863409996, 0, 0.99710792303085, 0, -0.28923857212067, 0, 0, 1, },
		{ 0.99678027629852, 0, 0.080180764198303, 0, 0, 1, 0, 0, -0.080180764198303, 0, 0.99678027629852, 0, -0.29846236109734, 0, 0, 1, },
		{ 0.99646759033203, 0, 0.083977892994881, 0, 0, 1, 0, 0, -0.083977892994881, 0, 0.99646759033203, 0, -0.3053916990757, 0, 0, 1, },
		{ 0.99618023633957, 0, 0.087320275604725, 0, 0, 1, 0, 0, -0.087320275604725, 0, 0.99618023633957, 0, -0.30975112318993, 0, 0, 1, },
		{ 0.99592924118042, 0, 0.090138271450996, 0, 0, 1, 0, 0, -0.090138271450996, 0, 0.99592924118042, 0, -0.30947294831276, 0, 0, 1, },
		{ 0.9957195520401, 0, 0.092425793409348, 0, 0, 1, 0, 0, -0.092425793409348, 0, 0.9957195520401, 0, -0.30919495224953, 0, 0, 1, },
		{ 0.99554789066315, 0, 0.094257161021233, 0, 0, 1, 0, 0, -0.094257161021233, 0, 0.99554789066315, 0, -0.30891677737236, 0, 0, 1, },
		{ 0.99541181325912, 0, 0.095683231949806, 0, 0, 1, 0, 0, -0.095683231949806, 0, 0.99541181325912, 0, -0.30863860249519, 0, 0, 1, },
		{ 0.99530827999115, 0, 0.096754729747772, 0, 0, 1, 0, 0, -0.096754729747772, 0, 0.99530827999115, 0, -0.30836057662964, 0, 0, 1, },
		{ 0.99523329734802, 0, 0.097522459924221, 0, 0, 1, 0, 0, -0.097522459924221, 0, 0.99523329734802, 0, -0.30808243155479, 0, 0, 1, },
		{ 0.99518269300461, 0, 0.098037056624889, 0, 0, 1, 0, 0, -0.098037056624889, 0, 0.99518269300461, 0, -0.30780425667763, 0, 0, 1, },
		{ 0.99515199661255, 0, 0.098349139094353, 0, 0, 1, 0, 0, -0.098349139094353, 0, 0.99515199661255, 0, -0.30752623081207, 0, 0, 1, },
		{ 0.99513030052185, 0, 0.098568446934223, 0, 0, 1, 0, 0, -0.098568446934223, 0, 0.99513030052185, 0, -0.30696991086006, 0, 0, 1, },
		{ 0.99512934684753, 0, 0.098576933145523, 0, 0, 1, 0, 0, -0.098576933145523, 0, 0.99512934684753, 0, -0.30669188499451, 0, 0, 1, },
		{ 0.99519014358521, 0, 0.09796217828989, 0, 0, 1, 0, 0, -0.09796217828989, 0, 0.99519014358521, 0, -0.30641371011734, 0, 0, 1, },
		{ 0.99536460638046, 0, 0.096172705292702, 0, 0, 1, 0, 0, -0.096172705292702, 0, 0.99536460638046, 0, -0.30098190903664, 0, 0, 1, },
		{ 0.99563896656036, 0, 0.093290120363235, 0, 0, 1, 0, 0, -0.093290120363235, 0, 0.99563896656036, 0, -0.29286849498749, 0, 0, 1, },
		{ 0.99599611759186, 0, 0.089395940303802, 0, 0, 1, 0, 0, -0.089395940303802, 0, 0.99599611759186, 0, -0.28243881464005, 0, 0, 1, },
		{ 0.99641734361649, 0, 0.08457151055336, 0, 0, 1, 0, 0, -0.08457151055336, 0, 0.99641734361649, 0, -0.27005797624588, 0, 0, 1, },
		{ 0.99688267707825, 0, 0.078898191452026, 0, 0, 1, 0, 0, -0.078898191452026, 0, 0.99688267707825, 0, -0.25609070062637, 0, 0, 1, },
		{ 0.99737149477005, 0, 0.072457484900951, 0, 0, 1, 0, 0, -0.072457484900951, 0, 0.99737149477005, 0, -0.24090285599232, 0, 0, 1, },
		{ 0.99786359071732, 0, 0.065330982208252, 0, 0, 1, 0, 0, -0.065330982208252, 0, 0.99786359071732, 0, -0.22485916316509, 0, 0, 1, },
		{ 0.99833971261978, 0, 0.057600613683462, 0, 0, 1, 0, 0, -0.057600613683462, 0, 0.99833971261978, 0, -0.20832504332066, 0, 0, 1, },
		{ 0.99878162145615, 0, 0.049348570406437, 0, 0, 1, 0, 0, -0.049348570406437, 0, 0.99878162145615, 0, -0.19166533648968, 0, 0, 1, },
		{ 0.99916917085648, 0, 0.040755402296782, 0, 0, 1, 0, 0, -0.040755402296782, 0, 0.99916917085648, 0, -0.17515593767166, 0, 0, 1, },
		{ 0.99947518110275, 0, 0.03239443525672, 0, 0, 1, 0, 0, -0.03239443525672, 0, 0.99947518110275, 0, -0.15871520340443, 0, 0, 1, },
		{ 0.99968892335892, 0, 0.024937815964222, 0, 0, 1, 0, 0, -0.024937815964222, 0, 0.99968892335892, 0, -0.14217193424702, 0, 0, 1, },
		{ 0.99981838464737, 0, 0.019057927653193, 0, 0, 1, 0, 0, -0.019057927653193, 0, 0.99981838464737, 0, -0.12535491585732, 0, 0, 1, },
		{ 0.99988096952438, 0, 0.015427084639668, 0, 0, 1, 0, 0, -0.015427084639668, 0, 0.99988096952438, 0, -0.10809249430895, 0, 0, 1, },
		{ 0.99989956617355, 0, 0.014174483716488, 0, 0, 1, 0, 0, -0.014174483716488, 0, 0.99989956617355, 0, -0.089890442788601, 0, 0, 1, },
		{ 0.99991208314896, 0, 0.013257973827422, 0, 0, 1, 0, 0, -0.013257973827422, 0, 0.99991208314896, 0, -0.068957515060902, 0, 0, 1, },
		{ 0.99994903802872, 0, 0.010092398151755, 0, 0, 1, 0, 0, -0.010092398151755, 0, 0.99994903802872, 0, -0.043179776519537, 0, 0, 1, },
		{ 0.99999290704727, 0, 0.0037582369986922, 0, 0, 1, 0, 0, -0.0037582369986922, 0, 0.99999290704727, 0, -0.014363555237651, 0, 0, 1, },
		{ 1, 0, 0, 0, 0, 1, 0, 0, 0, 0, 1, 0, 0, 0, 0, 1, },
	},
}
end
