function data()
return {
	times = { 0, 41.667, 83.333, 125, 166.667, 208.333, 250, 291.667, 333.333, 375, 416.667, 458.333, 500, 541.667, 583.333, 625, 666.667, 708.333, 750, 791.667, 833.333, 875, 916.667, 958.333, 1000, 1041.667, 1083.333, 1125, 1166.667, 1208.333, 1250, 1291.667, 1333.333, 1375, 1416.667, 1458.333, 1500, 1541.667, 1583.333, 1625, 1666.667, 1708.333, 1750, 1791.667, 1833.333, 1875, 1916.667, 1958.333, 2000, 2041.667, 2083.333, 2125, 2166.667, 2208.333, 2250, 2291.667, 2333.333, 2375, 2416.667, 2458.333, 2500, 2541.667, 2583.333, 2625, 2666.667, 2708.333, 2750, 2791.667, 2833.333, 2875, 2916.667, 2958.333, 3000, 3041.667, 3083.333, 3125, 3166.667, 3208.333, 3250, 3291.667, 3333.333, 3375, 3416.667, 3458.333, 3500, 3541.667, 3583.333, 3625, 3666.667, 3708.333, 3750, 3791.667, 3833.333, 3875, 3916.667, 3958.333, 4000, 4041.667, 4083.333, 4125, 4166.667, },
	transfs = {
		{ 1, 0, 0, 0, 0, 1, 0, 0, 0, 0, 1, 0, 0, 0, 0, 1, },
		{ 0.99999290704727, 0, -0.0037675471976399, 0, 0, 1, 0, 0, 0.0037675471976399, 0, 0.99999290704727, 0, 0, 0, 0, 1, },
		{ 0.99991869926453, 0, -0.012751381844282, 0, 0, 1, 0, 0, 0.012751381844282, 0, 0.99991869926453, 0, 0, 0, 0, 1, },
		{ 0.99972450733185, 0, -0.023472616448998, 0, 0, 1, 0, 0, 0.023472616448998, 0, 0.99972450733185, 0, 0, 0, 0, 1, },
		{ 0.99947321414948, 0, -0.032453253865242, 0, 0, 1, 0, 0, 0.032453253865242, 0, 0.99947321414948, 0, 0, 0, 0, 1, },
		{ 0.99934387207031, 0, -0.036218583583832, 0, 0, 1, 0, 0, 0.036218583583832, 0, 0.99934387207031, 0, 0, 0, 0, 1, },
		{ 0.99940401315689, 0, -0.034518074244261, 0, 0, 1, 0, 0, 0.034518074244261, 0, 0.99940401315689, 0, 0, 0, 0, 1, },
		{ 0.99954688549042, 0, -0.030099280178547, 0, 0, 1, 0, 0, 0.030099280178547, 0, 0.99954688549042, 0, 0, 0, 0, 1, },
		{ 0.99971228837967, 0, -0.02398637868464, 0, 0, 1, 0, 0, 0.02398637868464, 0, 0.99971228837967, 0, 0, 0, 0, 1, },
		{ 0.99985200166702, 0, -0.01720410771668, 0, 0, 1, 0, 0, 0.01720410771668, 0, 0.99985200166702, 0, 0, 0, 0, 1, },
		{ 0.99994194507599, 0, -0.010777918621898, 0, 0, 1, 0, 0, 0.010777918621898, 0, 0.99994194507599, 0, 0, 0, 0, 1, },
		{ 0.99998551607132, 0, -0.0053658573888242, 0, 0, 1, 0, 0, 0.0053658573888242, 0, 0.99998551607132, 0, 0, 0, 0, 1, },
		{ 1, 0, -0.00015482224989682, 0, 0, 1, 0, 0, 0.00015482224989682, 0, 1, 0, 0, 0, 0, 1, },
		{ 0.99998170137405, 0, 0.0060361968353391, 0, 0, 1, 0, 0, -0.0060361968353391, 0, 0.99998170137405, 0, 0, 0, 0, 1, },
		{ 0.99989640712738, 0, 0.014387957751751, 0, 0, 1, 0, 0, -0.014387957751751, 0, 0.99989640712738, 0, 0, 0, 0, 1, },
		{ 0.99965983629227, 0, 0.026080068200827, 0, 0, 1, 0, 0, -0.026080068200827, 0, 0.99965983629227, 0, 0, 0, 0, 1, },
		{ 0.9991340637207, 0, 0.041607208549976, 0, 0, 1, 0, 0, -0.041607208549976, 0, 0.9991340637207, 0, 0, 0, 0, 1, },
		{ 0.99827361106873, 0, 0.058734964579344, 0, 0, 1, 0, 0, -0.058734964579344, 0, 0.99827361106873, 0, 0, 0, 0, 1, },
		{ 0.99721711874008, 0, 0.074552297592163, 0, 0, 1, 0, 0, -0.074552297592163, 0, 0.99721711874008, 0, 0, 0, 0, 1, },
		{ 0.99628120660782, 0, 0.086160339415073, 0, 0, 1, 0, 0, -0.086160339415073, 0, 0.99628120660782, 0, 0, 0, 0, 1, },
		{ 0.99588090181351, 0, 0.090671226382256, 0, 0, 1, 0, 0, -0.090671226382256, 0, 0.99588090181351, 0, 0, 0, 0, 1, },
		{ 0.99615144729614, 0, 0.087647818028927, 0, 0, 1, 0, 0, -0.087647818028927, 0, 0.99615144729614, 0, 0, 0, 0, 1, },
		{ 0.99679774045944, 0, 0.079964272677898, 0, 0, 1, 0, 0, -0.079964272677898, 0, 0.99679774045944, 0, 0, 0, 0, 1, },
		{ 0.99756789207458, 0, 0.069701068103313, 0, 0, 1, 0, 0, -0.069701068103313, 0, 0.99756789207458, 0, 0, 0, 0, 1, },
		{ 0.99826127290726, 0, 0.058943644165993, 0, 0, 1, 0, 0, -0.058943644165993, 0, 0.99826127290726, 0, 0, 0, 0, 1, },
		{ 0.99875998497009, 0, 0.049783505499363, 0, 0, 1, 0, 0, -0.049783505499363, 0, 0.99875998497009, 0, 0, 0, 0, 1, },
		{ 0.99904698133469, 0, 0.043647881597281, 0, 0, 1, 0, 0, -0.043647881597281, 0, 0.99904698133469, 0, 0, 0, 0, 1, },
		{ 0.99922770261765, 0, 0.039292458444834, 0, 0, 1, 0, 0, -0.039292458444834, 0, 0.99922770261765, 0, 0, 0, 0, 1, },
		{ 0.9993941783905, 0, 0.034802865236998, 0, 0, 1, 0, 0, -0.034802865236998, 0, 0.9993941783905, 0, 0, 0, 0, 1, },
		{ 0.99960052967072, 0, 0.028263296931982, 0, 0, 1, 0, 0, -0.028263296931982, 0, 0.99960052967072, 0, 0, 0, 0, 1, },
		{ 0.99984228610992, 0, 0.017756486311555, 0, 0, 1, 0, 0, -0.017756486311555, 0, 0.99984228610992, 0, 0, 0, 0, 1, },
		{ 0.99999737739563, 0, 0.0022510814014822, 0, 0, 1, 0, 0, -0.0022510814014822, 0, 0.99999737739563, 0, 0, 0, 0, 1, },
		{ 0.9998762011528, 0, -0.015734124928713, 0, 0, 1, 0, 0, 0.015734124928713, 0, 0.9998762011528, 0, 0, 0, 0, 1, },
		{ 0.99946224689484, 0, -0.032790333032608, 0, 0, 1, 0, 0, 0.032790333032608, 0, 0.99946224689484, 0, 0, 0, 0, 1, },
		{ 0.99896371364594, 0, -0.045513540506363, 0, 0, 1, 0, 0, 0.045513540506363, 0, 0.99896371364594, 0, 0, 0, 0, 1, },
		{ 0.99872362613678, 0, -0.050508551299572, 0, 0, 1, 0, 0, 0.050508551299572, 0, 0.99872362613678, 0, 0, 0, 0, 1, },
		{ 0.99879384040833, 0, -0.049100436270237, 0, 0, 1, 0, 0, 0.049100436270237, 0, 0.99879384040833, 0, 0, 0, 0, 1, },
		{ 0.99896442890167, 0, -0.045496091246605, 0, 0, 1, 0, 0, 0.045496091246605, 0, 0.99896442890167, 0, 0, 0, 0, 1, },
		{ 0.99917435646057, 0, -0.040625475347042, 0, 0, 1, 0, 0, 0.040625475347042, 0, 0.99917435646057, 0, 0, 0, 0, 1, },
		{ 0.99937254190445, 0, -0.035419173538685, 0, 0, 1, 0, 0, 0.035419173538685, 0, 0.99937254190445, 0, 0, 0, 0, 1, },
		{ 0.99952530860901, 0, -0.030808502808213, 0, 0, 1, 0, 0, 0.030808502808213, 0, 0.99952530860901, 0, 0, 0, 0, 1, },
		{ 0.99962121248245, 0, -0.027520721778274, 0, 0, 1, 0, 0, 0.027520721778274, 0, 0.99962121248245, 0, 0, 0, 0, 1, },
		{ 0.99967569112778, 0, -0.025464935228229, 0, 0, 1, 0, 0, 0.025464935228229, 0, 0.99967569112778, 0, 0, 0, 0, 1, },
		{ 0.99970352649689, 0, -0.024345438927412, 0, 0, 1, 0, 0, 0.024345438927412, 0, 0.99970352649689, 0, 0, 0, 0, 1, },
		{ 0.99971508979797, 0, -0.023866392672062, 0, 0, 1, 0, 0, 0.023866392672062, 0, 0.99971508979797, 0, 0, 0, 0, 1, },
		{ 0.99971836805344, 0, -0.023731919005513, 0, 0, 1, 0, 0, 0.023731919005513, 0, 0.99971836805344, 0, 0, 0, 0, 1, },
		{ 0.99971944093704, 0, -0.023682655766606, 0, 0, 1, 0, 0, 0.023682655766606, 0, 0.99971944093704, 0, 0, 0, 0, 1, },
		{ 0.99972134828568, 0, -0.023605424910784, 0, 0, 1, 0, 0, 0.023605424910784, 0, 0.99972134828568, 0, 0, 0, 0, 1, },
		{ 0.99972558021545, 0, -0.023423610255122, 0, 0, 1, 0, 0, 0.023423610255122, 0, 0.99972558021545, 0, 0, 0, 0, 1, },
		{ 0.99973398447037, 0, -0.023060580715537, 0, 0, 1, 0, 0, 0.023060580715537, 0, 0.99973398447037, 0, 0, 0, 0, 1, },
		{ 0.99974817037582, 0, -0.022439708933234, 0, 0, 1, 0, 0, 0.022439708933234, 0, 0.99974817037582, 0, 0, 0, 0, 1, },
		{ 0.99982535839081, 0, -0.018683757632971, 0, 0, 1, 0, 0, 0.018683757632971, 0, 0.99982535839081, 0, 0, 0, 0, 1, },
		{ 0.99994111061096, 0, -0.010847766883671, 0, 0, 1, 0, 0, 0.010847766883671, 0, 0.99994111061096, 0, 0, 0, 0, 1, },
		{ 0.99999839067459, 0, -0.0017544769216329, 0, 0, 1, 0, 0, 0.0017544769216329, 0, 0.99999839067459, 0, 0, 0, 0, 1, },
		{ 0.99998331069946, 0, 0.0057721449993551, 0, 0, 1, 0, 0, -0.0057721449993551, 0, 0.99998331069946, 0, 0, 0, 0, 1, },
		{ 0.99996030330658, 0, 0.0089083816856146, 0, 0, 1, 0, 0, -0.0089083816856146, 0, 0.99996030330658, 0, 0, 0, 0, 1, },
		{ 0.99996197223663, 0, 0.0087237786501646, 0, 0, 1, 0, 0, -0.0087237786501646, 0, 0.99996197223663, 0, 0, 0, 0, 1, },
		{ 0.99997240304947, 0, 0.0074315560050309, 0, 0, 1, 0, 0, -0.0074315560050309, 0, 0.99997240304947, 0, 0, 0, 0, 1, },
		{ 0.99999225139618, 0, 0.0039240368641913, 0, 0, 1, 0, 0, -0.0039240368641913, 0, 0.99999225139618, 0, 0, 0, 0, 1, },
		{ 0.99999576807022, 0, -0.0029064968694001, 0, 0, 1, 0, 0, 0.0029064968694001, 0, 0.99999576807022, 0, 0, 0, 0, 1, },
		{ 0.99989956617355, 0, -0.014167196117342, 0, 0, 1, 0, 0, 0.014167196117342, 0, 0.99989956617355, 0, 0, 0, 0, 1, },
		{ 0.99939918518066, 0, -0.034659322351217, 0, 0, 1, 0, 0, 0.034659322351217, 0, 0.99939918518066, 0, 0, 0, 0, 1, },
		{ 0.99798291921616, 0, -0.063481874763966, 0, 0, 1, 0, 0, 0.063481874763966, 0, 0.99798291921616, 0, 0, 0, 0, 1, },
		{ 0.99564856290817, 0, -0.093187928199768, 0, 0, 1, 0, 0, 0.093187928199768, 0, 0.99564856290817, 0, 0, 0, 0, 1, },
		{ 0.99320483207703, 0, -0.11637904495001, 0, 0, 1, 0, 0, 0.11637904495001, 0, 0.99320483207703, 0, 0, 0, 0, 1, },
		{ 0.99206429719925, 0, -0.12573178112507, 0, 0, 1, 0, 0, 0.12573178112507, 0, 0.99206429719925, 0, 0, 0, 0, 1, },
		{ 0.99223607778549, 0, -0.12436869740486, 0, 0, 1, 0, 0, 0.12436869740486, 0, 0.99223607778549, 0, 0, 0, 0, 1, },
		{ 0.9926905632019, 0, -0.12068715691566, 0, 0, 1, 0, 0, 0.12068715691566, 0, 0.9926905632019, 0, 0, 0, 0, 1, },
		{ 0.99333095550537, 0, -0.11529789865017, 0, 0, 1, 0, 0, 0.11529789865017, 0, 0.99333095550537, 0, 0, 0, 0, 1, },
		{ 0.99406224489212, 0, -0.10881227254868, 0, 0, 1, 0, 0, 0.10881227254868, 0, 0.99406224489212, 0, 0, 0, 0, 1, },
		{ 0.99480050802231, 0, -0.10184289515018, 0, 0, 1, 0, 0, 0.10184289515018, 0, 0.99480050802231, 0, 0, 0, 0, 1, },
		{ 0.9954851269722, 0, -0.094917394220829, 0, 0, 1, 0, 0, 0.094917394220829, 0, 0.9954851269722, 0, 0, 0, 0, 1, },
		{ 0.99610126018524, 0, -0.088216587901115, 0, 0, 1, 0, 0, 0.088216587901115, 0, 0.99610126018524, 0, 0, 0, 0, 1, },
		{ 0.9966459274292, 0, -0.081834711134434, 0, 0, 1, 0, 0, 0.081834711134434, 0, 0.9966459274292, 0, 0, 0, 0, 1, },
		{ 0.99711799621582, 0, -0.075866043567657, 0, 0, 1, 0, 0, 0.075866043567657, 0, 0.99711799621582, 0, 0, 0, 0, 1, },
		{ 0.99751847982407, 0, -0.070404909551144, 0, 0, 1, 0, 0, 0.070404909551144, 0, 0.99751847982407, 0, 0, 0, 0, 1, },
		{ 0.99785441160202, 0, -0.065472319722176, 0, 0, 1, 0, 0, 0.065472319722176, 0, 0.99785441160202, 0, 0, 0, 0, 1, },
		{ 0.9981501698494, 0, -0.060795690864325, 0, 0, 1, 0, 0, 0.060795690864325, 0, 0.9981501698494, 0, 0, 0, 0, 1, },
		{ 0.99842911958694, 0, -0.056028638035059, 0, 0, 1, 0, 0, 0.056028638035059, 0, 0.99842911958694, 0, 0, 0, 0, 1, },
		{ 0.99870759248734, 0, -0.050824362784624, 0, 0, 1, 0, 0, 0.050824362784624, 0, 0.99870759248734, 0, 0, 0, 0, 1, },
		{ 0.99899435043335, 0, -0.044835738837719, 0, 0, 1, 0, 0, 0.044835738837719, 0, 0.99899435043335, 0, 0, 0, 0, 1, },
		{ 0.99928295612335, 0, -0.037861473858356, 0, 0, 1, 0, 0, 0.037861473858356, 0, 0.99928295612335, 0, 0, 0, 0, 1, },
		{ 0.99954128265381, 0, -0.030285120010376, 0, 0, 1, 0, 0, 0.030285120010376, 0, 0.99954128265381, 0, 0, 0, 0, 1, },
		{ 0.99974375963211, 0, -0.022637000307441, 0, 0, 1, 0, 0, 0.022637000307441, 0, 0.99974375963211, 0, 0, 0, 0, 1, },
		{ 0.99988067150116, 0, -0.01544795371592, 0, 0, 1, 0, 0, 0.01544795371592, 0, 0.99988067150116, 0, 0, 0, 0, 1, },
		{ 0.99995714426041, 0, -0.0092490026727319, 0, 0, 1, 0, 0, 0.0092490026727319, 0, 0.99995714426041, 0, 0, 0, 0, 1, },
		{ 0.99999010562897, 0, -0.004434809088707, 0, 0, 1, 0, 0, 0.004434809088707, 0, 0.99999010562897, 0, 0, 0, 0, 1, },
		{ 0.99999958276749, 0, -0.00085446919547394, 0, 0, 1, 0, 0, 0.00085446919547394, 0, 0.99999958276749, 0, 0, 0, 0, 1, },
		{ 0.99999839067459, 0, 0.0017794270534068, 0, 0, 1, 0, 0, -0.0017794270534068, 0, 0.99999839067459, 0, 0, 0, 0, 1, },
		{ 0.99999290704727, 0, 0.0037543559446931, 0, 0, 1, 0, 0, -0.0037543559446931, 0, 0.99999290704727, 0, 0, 0, 0, 1, },
		{ 0.99998563528061, 0, 0.0053578121587634, 0, 0, 1, 0, 0, -0.0053578121587634, 0, 0.99998563528061, 0, 0, 0, 0, 1, },
		{ 0.99997669458389, 0, 0.0068147885613143, 0, 0, 1, 0, 0, -0.0068147885613143, 0, 0.99997669458389, 0, 0, 0, 0, 1, },
		{ 0.99996721744537, 0, 0.0081002861261368, 0, 0, 1, 0, 0, -0.0081002861261368, 0, 0.99996721744537, 0, 0, 0, 0, 1, },
		{ 0.9999583363533, 0, 0.0091268168762326, 0, 0, 1, 0, 0, -0.0091268168762326, 0, 0.9999583363533, 0, 0, 0, 0, 1, },
		{ 0.99995189905167, 0, 0.0098068909719586, 0, 0, 1, 0, 0, -0.0098068909719586, 0, 0.99995189905167, 0, 0, 0, 0, 1, },
		{ 0.99994939565659, 0, 0.010053026489913, 0, 0, 1, 0, 0, -0.010053026489913, 0, 0.99994939565659, 0, 0, 0, 0, 1, },
		{ 0.99995934963226, 0, 0.0090075405314565, 0, 0, 1, 0, 0, -0.0090075405314565, 0, 0.99995934963226, 0, 0, 0, 0, 1, },
		{ 0.99997872114182, 0, 0.0065144244581461, 0, 0, 1, 0, 0, -0.0065144244581461, 0, 0.99997872114182, 0, 0, 0, 0, 1, },
		{ 0.9999937415123, 0, 0.0035387186799198, 0, 0, 1, 0, 0, -0.0035387186799198, 0, 0.9999937415123, 0, 0, 0, 0, 1, },
		{ 0.99999940395355, 0, 0.0010455342708156, 0, 0, 1, 0, 0, -0.0010455342708156, 0, 0.99999940395355, 0, 0, 0, 0, 1, },
		{ 1, 0, 0, 0, 0, 1, 0, 0, 0, 0, 1, 0, 0, 0, 0, 1, },
	},
}
end
