function data()
return {
	times = { 0, 41.667, 83.333, 125, 166.667, 208.333, 250, 291.667, 333.333, 375, 416.667, 458.333, 500, 541.667, 583.333, 625, 666.667, 708.333, 750, 791.667, 833.333, 875, 916.667, 958.333, 1000, 1041.667, 1083.333, 1125, 1166.667, 1208.333, 1250, 1291.667, 1333.333, 1375, 1416.667, 1458.333, 1500, 1541.667, 1583.333, 1625, 1666.667, 1708.333, 1750, 1791.667, 1833.333, 1875, 1916.667, 1958.333, 2000, 2041.667, 2083.333, 2125, 2166.667, 2208.333, 2250, 2291.667, 2333.333, 2375, 2416.667, 2458.333, 2500, 2541.667, 2583.333, 2625, 2666.667, 2708.333, 2750, 2791.667, 2833.333, 2875, 2916.667, 2958.333, 3000, 3041.667, 3083.333, 3125, 3166.667, 3208.333, 3250, 3291.667, 3333.333, 3375, 3416.667, 3458.333, 3500, 3541.667, 3583.333, 3625, 3666.667, 3708.333, 3750, 3791.667, 3833.333, 3875, 3916.667, 3958.333, 4000, 4041.667, 4083.333, 4125, 4166.667, },
	transfs = {
		{ 1, 0, 0, 0, 0, 1, 0, 0, 0, 0, 1, 0, 0, 0, 0, 1, },
		{ 0.99973750114441, 0, -0.022908685728908, 0, 0, 1, 0, 0, 0.022908685728908, 0, 0.99973750114441, 0, -0.0015750122256577, 0, 0, 1, },
		{ 0.99895036220551, 0, -0.045805338770151, 0, 0, 1, 0, 0, 0.045805338770151, 0, 0.99895036220551, 0, -0.0031500244513154, 0, 0, 1, },
		{ 0.99763888120651, 0, -0.068677961826324, 0, 0, 1, 0, 0, 0.068677961826324, 0, 0.99763888120651, 0, -0.0047247312031686, 0, 0, 1, },
		{ 0.99580371379852, 0, -0.091514550149441, 0, 0, 1, 0, 0, 0.091514550149441, 0, 0.99580371379852, 0, -0.0062997434288263, 0, 0, 1, },
		{ 0.9934458732605, 0, -0.11430308222771, 0, 0, 1, 0, 0, 0.11430308222771, 0, 0.9934458732605, 0, -0.0089648431167006, 0, 0, 1, },
		{ 0.99110770225525, 0, -0.13306155800819, 0, 0, 1, 0, 0, 0.13306155800819, 0, 0.99110770225525, 0, -0.011630249209702, 0, 0, 1, },
		{ 0.98841542005539, 0, -0.15177245438099, 0, 0, 1, 0, 0, 0.15177245438099, 0, 0.98841542005539, 0, -0.015385742299259, 0, 0, 1, },
		{ 0.98536992073059, 0, -0.17042915523052, 0, 0, 1, 0, 0, 0.17042915523052, 0, 0.98536992073059, 0, -0.019141234457493, 0, 0, 1, },
		{ 0.98197227716446, 0, -0.18902489542961, 0, 0, 1, 0, 0, 0.18902489542961, 0, 0.98197227716446, 0, -0.022896574810147, 0, 0, 1, },
		{ 0.97822368144989, 0, -0.20755314826965, 0, 0, 1, 0, 0, 0.20755314826965, 0, 0.97822368144989, 0, -0.026651915162802, 0, 0, 1, },
		{ 0.97513300180435, 0, -0.22162045538425, 0, 0, 1, 0, 0, 0.22162045538425, 0, 0.97513300180435, 0, -0.031134337186813, 0, 0, 1, },
		{ 0.9718399643898, 0, -0.23564182221889, 0, 0, 1, 0, 0, 0.23564182221889, 0, 0.9718399643898, 0, -0.035616759210825, 0, 0, 1, },
		{ 0.96834534406662, 0, -0.24961423873901, 0, 0, 1, 0, 0, 0.24961423873901, 0, 0.96834534406662, 0, -0.040099181234837, 0, 0, 1, },
		{ 0.96464985609055, 0, -0.26353490352631, 0, 0, 1, 0, 0, 0.26353490352631, 0, 0.96464985609055, 0, -0.044581603258848, 0, 0, 1, },
		{ 0.96075421571732, 0, -0.27740091085434, 0, 0, 1, 0, 0, 0.27740091085434, 0, 0.96075421571732, 0, -0.04870055988431, 0, 0, 1, },
		{ 0.9593191742897, 0, -0.28232371807098, 0, 0, 1, 0, 0, 0.28232371807098, 0, 0.9593191742897, 0, -0.052819363772869, 0, 0, 1, },
		{ 0.95785892009735, 0, -0.28723904490471, 0, 0, 1, 0, 0, 0.28723904490471, 0, 0.95785892009735, 0, -0.056574858725071, 0, 0, 1, },
		{ 0.95637345314026, 0, -0.29214689135551, 0, 0, 1, 0, 0, 0.29214689135551, 0, 0.95637345314026, 0, -0.060330349951982, 0, 0, 1, },
		{ 0.95486289262772, 0, -0.29704692959785, 0, 0, 1, 0, 0, 0.29704692959785, 0, 0.95486289262772, 0, -0.064085692167282, 0, 0, 1, },
		{ 0.95332711935043, 0, -0.30193927884102, 0, 0, 1, 0, 0, 0.30193927884102, 0, 0.95332711935043, 0, -0.067841187119484, 0, 0, 1, },
		{ 0.95217376947403, 0, -0.30555692315102, 0, 0, 1, 0, 0, 0.30555692315102, 0, 0.95217376947403, 0, -0.06941619515419, 0, 0, 1, },
		{ 0.95100671052933, 0, -0.30917018651962, 0, 0, 1, 0, 0, 0.30917018651962, 0, 0.95100671052933, 0, -0.070991054177284, 0, 0, 1, },
		{ 0.94982588291168, 0, -0.31277894973755, 0, 0, 1, 0, 0, 0.31277894973755, 0, 0.94982588291168, 0, -0.072565913200378, 0, 0, 1, },
		{ 0.94863146543503, 0, -0.31638318300247, 0, 0, 1, 0, 0, 0.31638318300247, 0, 0.94863146543503, 0, -0.074140928685665, 0, 0, 1, },
		{ 0.94742327928543, 0, -0.31998294591904, 0, 0, 1, 0, 0, 0.31998294591904, 0, 0.94742327928543, 0, -0.073200531303883, 0, 0, 1, },
		{ 0.94854843616486, 0, -0.31663206219673, 0, 0, 1, 0, 0, 0.31663206219673, 0, 0.94854843616486, 0, -0.0722601339221, 0, 0, 1, },
		{ 0.94966173171997, 0, -0.31327724456787, 0, 0, 1, 0, 0, 0.31327724456787, 0, 0.94966173171997, 0, -0.071319729089737, 0, 0, 1, },
		{ 0.95076310634613, 0, -0.30991861224174, 0, 0, 1, 0, 0, 0.30991861224174, 0, 0.95076310634613, 0, -0.070379331707954, 0, 0, 1, },
		{ 0.95185256004333, 0, -0.30655598640442, 0, 0, 1, 0, 0, 0.30655598640442, 0, 0.95185256004333, 0, -0.069438934326172, 0, 0, 1, },
		{ 0.95293027162552, 0, -0.3031895160675, 0, 0, 1, 0, 0, 0.3031895160675, 0, 0.95293027162552, 0, -0.068498536944389, 0, 0, 1, },
		{ 0.95556843280792, 0, -0.29476934671402, 0, 0, 1, 0, 0, 0.29476934671402, 0, 0.95556843280792, 0, -0.067558132112026, 0, 0, 1, },
		{ 0.95813220739365, 0, -0.28632616996765, 0, 0, 1, 0, 0, 0.28632616996765, 0, 0.95813220739365, 0, -0.064679719507694, 0, 0, 1, },
		{ 0.96062135696411, 0, -0.27786076068878, 0, 0, 1, 0, 0, 0.27786076068878, 0, 0.96062135696411, 0, -0.061801299452782, 0, 0, 1, },
		{ 0.96303570270538, 0, -0.26937371492386, 0, 0, 1, 0, 0, 0.26937371492386, 0, 0.96303570270538, 0, -0.058922879397869, 0, 0, 1, },
		{ 0.96537506580353, 0, -0.26086562871933, 0, 0, 1, 0, 0, 0.26086562871933, 0, 0.96537506580353, 0, -0.056044463068247, 0, 0, 1, },
		{ 0.96860295534134, 0, -0.24861255288124, 0, 0, 1, 0, 0, 0.24861255288124, 0, 0.96860295534134, 0, -0.051777344197035, 0, 0, 1, },
		{ 0.97167539596558, 0, -0.23631954193115, 0, 0, 1, 0, 0, 0.23631954193115, 0, 0.97167539596558, 0, -0.04751006886363, 0, 0, 1, },
		{ 0.97459173202515, 0, -0.22398859262466, 0, 0, 1, 0, 0, 0.22398859262466, 0, 0.97459173202515, 0, -0.043242949992418, 0, 0, 1, },
		{ 0.97735160589218, 0, -0.21162168681622, 0, 0, 1, 0, 0, 0.21162168681622, 0, 0.97735160589218, 0, -0.038975827395916, 0, 0, 1, },
		{ 0.97995465993881, 0, -0.1992207467556, 0, 0, 1, 0, 0, 0.1992207467556, 0, 0.97995465993881, 0, -0.034708555787802, 0, 0, 1, },
		{ 0.98332679271698, 0, -0.18184718489647, 0, 0, 1, 0, 0, 0.18184718489647, 0, 0.98332679271698, 0, -0.029486540704966, 0, 0, 1, },
		{ 0.98639100790024, 0, -0.16441661119461, 0, 0, 1, 0, 0, 0.16441661119461, 0, 0.98639100790024, 0, -0.024264525622129, 0, 0, 1, },
		{ 0.98914623260498, 0, -0.14693456888199, 0, 0, 1, 0, 0, 0.14693456888199, 0, 0.98914623260498, 0, -0.019042663276196, 0, 0, 1, },
		{ 0.99159163236618, 0, -0.12940649688244, 0, 0, 1, 0, 0, 0.12940649688244, 0, 0.99159163236618, 0, -0.013820495456457, 0, 0, 1, },
		{ 0.99372637271881, 0, -0.11183793842793, 0, 0, 1, 0, 0, 0.11183793842793, 0, 0.99372637271881, 0, -0.0085983276367188, 0, 0, 1, },
		{ 0.99598336219788, 0, -0.089537844061852, 0, 0, 1, 0, 0, 0.089537844061852, 0, 0.99598336219788, 0, -0.002855529775843, 0, 0, 1, },
		{ 0.9977400302887, 0, -0.067192763090134, 0, 0, 1, 0, 0, 0.067192763090134, 0, 0.9977400302887, 0, 0.0028872680850327, 0, 0, 1, },
		{ 0.99899536371231, 0, -0.044813942164183, 0, 0, 1, 0, 0, 0.044813942164183, 0, 0.99899536371231, 0, 0.008630370721221, 0, 0, 1, },
		{ 0.99974882602692, 0, -0.022412598133087, 0, 0, 1, 0, 0, 0.022412598133087, 0, 0.99974882602692, 0, 0.014373168349266, 0, 0, 1, },
		{ 1, 0, 0, 0, 0, 1, 0, 0, 0, 0, 1, 0, 0.020116271451116, 0, 0, 1, },
		{ 0.99983459711075, 0, 0.018185829743743, 0, 0, 1, 0, 0, -0.018185829743743, 0, 0.99983459711075, 0, 0.025934752076864, 0, 0, 1, },
		{ 0.99933856725693, 0, 0.036365639418364, 0, 0, 1, 0, 0, -0.036365639418364, 0, 0.99933856725693, 0, 0.031753234565258, 0, 0, 1, },
		{ 0.99851191043854, 0, 0.054533429443836, 0, 0, 1, 0, 0, -0.054533429443836, 0, 0.99851191043854, 0, 0.037571717053652, 0, 0, 1, },
		{ 0.99735510349274, 0, 0.072683170437813, 0, 0, 1, 0, 0, -0.072683170437813, 0, 0.99735510349274, 0, 0.043390195816755, 0, 0, 1, },
		{ 0.99586826562881, 0, 0.090808883309364, 0, 0, 1, 0, 0, -0.090808883309364, 0, 0.99586826562881, 0, 0.049208678305149, 0, 0, 1, },
		{ 0.99378925561905, 0, 0.11127851903439, 0, 0, 1, 0, 0, -0.11127851903439, 0, 0.99378925561905, 0, 0.054610900580883, 0, 0, 1, },
		{ 0.99128949642181, 0, 0.13170105218887, 0, 0, 1, 0, 0, -0.13170105218887, 0, 0.99128949642181, 0, 0.060012817382813, 0, 0, 1, },
		{ 0.98837000131607, 0, 0.15206784009933, 0, 0, 1, 0, 0, -0.15206784009933, 0, 0.98837000131607, 0, 0.065415345132351, 0, 0, 1, },
		{ 0.98503214120865, 0, 0.17237029969692, 0, 0, 1, 0, 0, -0.17237029969692, 0, 0.98503214120865, 0, 0.07081726193428, 0, 0, 1, },
		{ 0.98127740621567, 0, 0.19259969890118, 0, 0, 1, 0, 0, -0.19259969890118, 0, 0.98127740621567, 0, 0.076219484210014, 0, 0, 1, },
		{ 0.97793108224869, 0, 0.20892785489559, 0, 0, 1, 0, 0, -0.20892785489559, 0, 0.97793108224869, 0, 0.080701902508736, 0, 0, 1, },
		{ 0.97431296110153, 0, 0.22519801557064, 0, 0, 1, 0, 0, -0.22519801557064, 0, 0.97431296110153, 0, 0.085184022784233, 0, 0, 1, },
		{ 0.9704242348671, 0, 0.24140560626984, 0, 0, 1, 0, 0, -0.24140560626984, 0, 0.9704242348671, 0, 0.08966613560915, 0, 0, 1, },
		{ 0.96626597642899, 0, 0.25754606723785, 0, 0, 1, 0, 0, -0.25754606723785, 0, 0.96626597642899, 0, 0.094148255884647, 0, 0, 1, },
		{ 0.96183931827545, 0, 0.27361497282982, 0, 0, 1, 0, 0, -0.27361497282982, 0, 0.96183931827545, 0, 0.097918696701527, 0, 0, 1, },
		{ 0.95919519662857, 0, 0.28274467587471, 0, 0, 1, 0, 0, -0.28274467587471, 0, 0.95919519662857, 0, 0.10168914496899, 0, 0, 1, },
		{ 0.95646446943283, 0, 0.29184880852699, 0, 0, 1, 0, 0, -0.29184880852699, 0, 0.95646446943283, 0, 0.10474792122841, 0, 0, 1, },
		{ 0.95364731550217, 0, 0.30092656612396, 0, 0, 1, 0, 0, -0.30092656612396, 0, 0.95364731550217, 0, 0.10780639201403, 0, 0, 1, },
		{ 0.9507440328598, 0, 0.30997708439827, 0, 0, 1, 0, 0, -0.30997708439827, 0, 0.9507440328598, 0, 0.11086486279964, 0, 0, 1, },
		{ 0.94775474071503, 0, 0.31899973750114, 0, 0, 1, 0, 0, -0.31899973750114, 0, 0.94775474071503, 0, 0.11392363905907, 0, 0, 1, },
		{ 0.94681531190872, 0, 0.32177737355232, 0, 0, 1, 0, 0, -0.32177737355232, 0, 0.94681531190872, 0, 0.11505523324013, 0, 0, 1, },
		{ 0.94586777687073, 0, 0.3245522081852, 0, 0, 1, 0, 0, -0.3245522081852, 0, 0.94586777687073, 0, 0.11618652194738, 0, 0, 1, },
		{ 0.9449120759964, 0, 0.32732427120209, 0, 0, 1, 0, 0, -0.32732427120209, 0, 0.9449120759964, 0, 0.11731811612844, 0, 0, 1, },
		{ 0.94394814968109, 0, 0.33009353280067, 0, 0, 1, 0, 0, -0.33009353280067, 0, 0.94394814968109, 0, 0.11844939738512, 0, 0, 1, },
		{ 0.94297629594803, 0, 0.33285996317863, 0, 0, 1, 0, 0, -0.33285996317863, 0, 0.94297629594803, 0, 0.11958099156618, 0, 0, 1, },
		{ 0.94380396604538, 0, 0.33050578832626, 0, 0, 1, 0, 0, -0.33050578832626, 0, 0.94380396604538, 0, 0.11709380894899, 0, 0, 1, },
		{ 0.94462579488754, 0, 0.32814958691597, 0, 0, 1, 0, 0, -0.32814958691597, 0, 0.94462579488754, 0, 0.114606320858, 0, 0, 1, },
		{ 0.94544172286987, 0, 0.32579126954079, 0, 0, 1, 0, 0, -0.32579126954079, 0, 0.94544172286987, 0, 0.11211913824081, 0, 0, 1, },
		{ 0.94625174999237, 0, 0.32343110442162, 0, 0, 1, 0, 0, -0.32343110442162, 0, 0.94625174999237, 0, 0.10963195562363, 0, 0, 1, },
		{ 0.94705587625504, 0, 0.32106882333755, 0, 0, 1, 0, 0, -0.32106882333755, 0, 0.94705587625504, 0, 0.10714446753263, 0, 0, 1, },
		{ 0.94850480556488, 0, 0.31676259636879, 0, 0, 1, 0, 0, -0.31676259636879, 0, 0.94850480556488, 0, 0.10121337324381, 0, 0, 1, },
		{ 0.94993430376053, 0, 0.31244972348213, 0, 0, 1, 0, 0, -0.31244972348213, 0, 0.94993430376053, 0, 0.095281980931759, 0, 0, 1, },
		{ 0.9513441324234, 0, 0.30813047289848, 0, 0, 1, 0, 0, -0.30813047289848, 0, 0.9513441324234, 0, 0.089350886642933, 0, 0, 1, },
		{ 0.95273423194885, 0, 0.30380481481552, 0, 0, 1, 0, 0, -0.30380481481552, 0, 0.95273423194885, 0, 0.083419494330883, 0, 0, 1, },
		{ 0.95410478115082, 0, 0.2994729578495, 0, 0, 1, 0, 0, -0.2994729578495, 0, 0.95410478115082, 0, 0.077488400042057, 0, 0, 1, },
		{ 0.95837545394897, 0, 0.28551086783409, 0, 0, 1, 0, 0, -0.28551086783409, 0, 0.95837545394897, 0, 0.07040923833847, 0, 0, 1, },
		{ 0.96244186162949, 0, 0.27148789167404, 0, 0, 1, 0, 0, -0.27148789167404, 0, 0.96244186162949, 0, 0.063330076634884, 0, 0, 1, },
		{ 0.96630305051804, 0, 0.25740703940392, 0, 0, 1, 0, 0, -0.25740703940392, 0, 0.96630305051804, 0, 0.056250609457493, 0, 0, 1, },
		{ 0.96995830535889, 0, 0.24327126145363, 0, 0, 1, 0, 0, -0.24327126145363, 0, 0.96995830535889, 0, 0.049171447753906, 0, 0, 1, },
		{ 0.97340673208237, 0, 0.22908371686935, 0, 0, 1, 0, 0, -0.22908371686935, 0, 0.97340673208237, 0, 0.04209228605032, 0, 0, 1, },
		{ 0.97757250070572, 0, 0.21059913933277, 0, 0, 1, 0, 0, -0.21059913933277, 0, 0.97757250070572, 0, 0.036161191761494, 0, 0, 1, },
		{ 0.98138731718063, 0, 0.19203893840313, 0, 0, 1, 0, 0, -0.19203893840313, 0, 0.98138731718063, 0, 0.030229797586799, 0, 0, 1, },
		{ 0.98484969139099, 0, 0.17340978980064, 0, 0, 1, 0, 0, -0.17340978980064, 0, 0.98484969139099, 0, 0.024298705160618, 0, 0, 1, },
		{ 0.98795861005783, 0, 0.15471838414669, 0, 0, 1, 0, 0, -0.15471838414669, 0, 0.98795861005783, 0, 0.018367309123278, 0, 0, 1, },
		{ 0.99071276187897, 0, 0.13597142696381, 0, 0, 1, 0, 0, -0.13597142696381, 0, 0.99071276187897, 0, 0.012436217628419, 0, 0, 1, },
		{ 0.99405282735825, 0, 0.10889875888824, 0, 0, 1, 0, 0, -0.10889875888824, 0, 0.99405282735825, 0, 0.0099490350112319, 0, 0, 1, },
		{ 0.99665325880051, 0, 0.08174504339695, 0, 0, 1, 0, 0, -0.08174504339695, 0, 0.99665325880051, 0, 0.0074615478515625, 0, 0, 1, },
		{ 0.99851208925247, 0, 0.054530519992113, 0, 0, 1, 0, 0, -0.054530519992113, 0, 0.99851208925247, 0, 0.004974365234375, 0, 0, 1, },
		{ 0.99962788820267, 0, 0.02727540768683, 0, 0, 1, 0, 0, -0.02727540768683, 0, 0.99962788820267, 0, 0.0024871826171875, 0, 0, 1, },
		{ 1, 0, 0, 0, 0, 1, 0, 0, 0, 0, 1, 0, 0, 0, 0, 1, },
	},
}
end
