function data()
return {
	times = { 0, 125, 250, 458.333, 541.667, 625, 708.333, 791.667, 875, 958.333, 1041.667, 1125, 1208.333, 1291.667, 1416.667, 1541.667, 1666.667, 1708.333, 1750, 1791.667, 1833.333, 1875, 1916.667, 1958.333, 2000, 2041.667, 2083.333, 2125, 2166.667, 2208.333, 2250, 2291.667, 2333.333, 2375, 2416.667, 2458.333, 2500, 2541.667, 2583.333, 2625, 2666.667, 2708.333, 2750, 2791.667, 2833.333, 2875, 2916.667, 3041.667, 3166.667, 3250, 3291.667, 3333.333, 3375, 3416.667, 3458.333, 3500, 3541.667, 3583.333, 3625, 3666.667, 3708.333, 3750, 3791.667, 3833.333, 3875, 3916.667, 3958.333, 4000, 4041.667, 4083.333, 4125, 4166.667, },
	transfs = {
		{ 1, 0, 1.4901177181059e-08, 0, 0, 1, 0, 0, -1.4901144318458e-08, 7.105427357601e-15, 1, 0, 0, -7.6293943607197e-08, 0, 1, },
		{ 0.99999272823334, -4.3419842721271e-10, 0.0038069782312959, 0, 4.361737637737e-10, 1, -5.1734616590693e-10, 0, -0.0038069782312959, 5.1899462505389e-10, 0.99999272823334, 0, 0, -7.6293943607197e-08, 0, 1, },
		{ 0.99997103214264, -8.6639317942172e-10, 0.0076137781143188, 0, 8.7429441464337e-10, 1, -1.0330012401027e-09, 0, -0.0076137781143188, 1.0396375982324e-09, 0.99997103214264, 0, 0, -7.6293943607197e-08, 0, 1, },
		{ 0.99999129772186, -4.7434406402758e-10, 0.0041598528623581, 0, 4.7670312142145e-10, 1, -5.6521543001509e-10, 0, -0.0041598528623581, 5.671907388205e-10, 0.99999129772186, 0, 0, -7.6293943607197e-08, 0, 1, },
		{ 0.99999988079071, -1.8914647625934e-11, 0.00016552208398934, 0, 1.8928858480649e-11, 1, -2.2524204723595e-11, 0, -0.00016552208398934, 2.2531310150953e-11, 0.99999988079071, 0, 0, -7.6293943607197e-08, 0, 1, },
		{ 0.99999260902405, 4.3871750676772e-10, -0.0038290766533464, 0, -4.3671377625287e-10, 1, 5.2202864253559e-10, 0, 0.0038290766533464, -5.2034465625184e-10, 0.99999260902405, 0, 0, -7.6293943607197e-08, 0, 1, },
		{ 0.99996942281723, 8.9852386642164e-10, -0.0078236311674118, 0, -8.9018209470382e-10, 1, 1.0683862683436e-09, 0, 0.0078236311674118, -1.0613944168014e-09, 0.99996942281723, 0, 0, -7.6293943607197e-08, 0, 1, },
		{ 0.99993014335632, 1.3604619653051e-09, -0.011817902326584, 0, -1.3414335198192e-09, 1, 1.6165485616781e-09, 0, 0.011817902326584, -1.6005755609783e-09, 0.99993014335632, 0, 0, -7.6293943607197e-08, 0, 1, },
		{ 0.99988228082657, 1.7697772136671e-09, -0.015341586433351, 0, -1.737731625262e-09, 1, 2.1016290929765e-09, 0, 0.015341586433351, -2.0747137341459e-09, 0.99988228082657, 0, 0, -7.6293943607197e-08, 0, 1, },
		{ 0.99983078241348, 2.1257449134282e-09, -0.018394201993942, 0, -2.0796733224415e-09, 1, 2.5230091349471e-09, 0, 0.018394201993942, -2.4843274104569e-09, 0.99983078241348, 0, 0, -7.6293943607197e-08, 0, 1, },
		{ 0.99977004528046, 2.4829489575495e-09, -0.021446645259857, 0, -2.4203357096297e-09, 1, 2.9454341188284e-09, 0, 0.021446645259857, -2.8928610618095e-09, 0.99977004528046, 0, 0, -7.6293943607197e-08, 0, 1, },
		{ 0.99969989061356, 2.8413893460311e-09, -0.024498751387, 0, -2.7596769314187e-09, 1, 3.3688676293053e-09, 0, 0.024498751387, -3.3002649502123e-09, 0.99969989061356, 0, 0, -7.6293943607197e-08, 0, 1, },
		{ 0.99962037801743, 3.2010660788728e-09, -0.027550494298339, 0, -3.097738732194e-09, 1, 3.7933456376038e-09, 0, 0.027550494298339, -3.7065603919473e-09, 0.99962037801743, 0, 0, -7.6293943607197e-08, 0, 1, },
		{ 0.99953162670135, 3.5620359994937e-09, -0.03060252033174, 0, -3.4345359889443e-09, 1, 4.2188972315671e-09, 0, 0.03060252033174, -4.1118255467154e-09, 0.99953162670135, 0, 0, -7.6293943607197e-08, 0, 1, },
		{ 0.999402821064, 4.0312784221896e-09, -0.03455401584506, 0, -3.8687062442477e-09, 1, 4.7714650008857e-09, 0, 0.03455401584506, -4.6349413196367e-09, 0.999402821064, 0, 0, -7.6293943607197e-08, 0, 1, },
		{ 0.99925833940506, 4.5026666839476e-09, -0.038505643606186, 0, -4.300758860154e-09, 1, 5.3258446541804e-09, 0, 0.038505643606186, -5.1562949465733e-09, 0.99925833940506, 0, 0, -7.6293943607197e-08, 0, 1, },
		{ 0.99909836053848, 4.9760728870751e-09, -0.042456403374672, 0, -4.7306087935794e-09, 1, 5.8818865333876e-09, 0, 0.042456403374672, -5.6757443189781e-09, 0.99909836053848, 0, 0, -7.6293943607197e-08, 0, 1, },
		{ 0.99936360120773, 4.1644057091617e-09, -0.03567186743021, 0, -3.9911469684739e-09, 1, 4.9281183578387e-09, 0, 0.03567186743021, -4.7826063109824e-09, 0.99936360120773, 0, 0, -7.6293943607197e-08, 0, 1, },
		{ 0.99958264827728, 3.3588631875858e-09, -0.028885953128338, 0, -3.2452616149925e-09, 1, 3.9794301187612e-09, 0, 0.028885953128338, -3.8840184402034e-09, 0.99958264827728, 0, 0, -7.6293943607197e-08, 0, 1, },
		{ 0.99975579977036, 2.5593607233532e-09, -0.022098176181316, 0, -2.4928823449955e-09, 1, 3.0357227842615e-09, 0, 0.022098176181316, -2.9799096523675e-09, 0.99975579977036, 0, 0, -7.6293943607197e-08, 0, 1, },
		{ 0.99988281726837, 1.7660681805864e-09, -0.015309787355363, 0, -1.7341647007285e-09, 1, 2.0972379388695e-09, 0, 0.015309787355363, -2.0704504777314e-09, 0.99988281726837, 0, 0, -7.6293943607197e-08, 0, 1, },
		{ 0.99996376037598, 9.7895735962084e-10, -0.0085205584764481, 0, -9.6908081559377e-10, 1, 1.1638902064348e-09, 0, 0.0085205584764481, -1.1556053891582e-09, 0.99996376037598, 0, 0, -7.6293943607197e-08, 0, 1, },
		{ 0.99999850988388, 1.980851038752e-10, -0.0017310528783128, 0, -1.9767297521067e-10, 1, 2.3577229057992e-10, 0, 0.0017310528783128, -2.3544544092147e-10, 0.99999850988388, 0, 0, -7.6293943607197e-08, 0, 1, },
		{ 0.99998712539673, -5.7653437579575e-10, 0.0050587952136993, 0, 5.8003024605568e-10, 1, -6.8709482548002e-10, 0, -0.0050587952136993, 6.9002226155135e-10, 0.99998712539673, 0, 0, -7.6293943607197e-08, 0, 1, },
		{ 0.9999298453331, -1.3448300251184e-09, 0.011848002672195, 0, 1.3639436247104e-09, 1, -1.6046257655944e-09, 0, -0.011848002672195, 1.6206768149729e-09, 0.9999298453331, 0, 0, -7.6293943607197e-08, 0, 1, },
		{ 0.99982631206512, -2.1067876332381e-09, 0.018636807799339, 0, 2.1540813577303e-09, 1, -2.5168276351906e-09, 0, -0.018636807799339, 2.5565327632648e-09, 0.99982631206512, 0, 0, -7.6293943607197e-08, 0, 1, },
		{ 0.99967670440674, -2.8624072001548e-09, 0.025425001978874, 0, 2.9504150234061e-09, 1, -3.4236791179865e-09, 0, -0.025425001978874, 3.4975897733602e-09, 0.99967670440674, 0, 0, -7.6293943607197e-08, 0, 1, },
		{ 0.99928694963455, -4.2188474935756e-09, 0.037754904478788, 0, 4.4129389031866e-09, 1, -5.0573869536663e-09, 0, -0.037754904478788, 5.2203859013389e-09, 0.99928694963455, 0, 0, -7.6293943607197e-08, 0, 1, },
		{ 0.99874520301819, -5.5539857157783e-09, 0.050079628825188, 0, 5.8955578197128e-09, 1, -6.6729906045282e-09, 0, -0.050079628825188, 6.9598513618985e-09, 0.99874520301819, 0, 0, -7.6293943607197e-08, 0, 1, },
		{ 0.99805146455765, -6.8675092279591e-09, 0.062396317720413, 0, 7.3979578019134e-09, 1, -8.2701205883495e-09, 0, -0.062396317720413, 8.715609567389e-09, 0.99805146455765, 0, 0, -7.6293943607197e-08, 0, 1, },
		{ 0.99720573425293, -8.159275921571e-09, 0.074703529477119, 0, 8.9199403419116e-09, 1, -9.8486054866953e-09, 0, -0.074703529477119, 1.0487440249562e-08, 0.99720573425293, 0, 0, -7.6293943607197e-08, 0, 1, },
		{ 0.9962083697319, -9.4291001673241e-09, 0.086999341845512, 0, 1.0461278066032e-08, 1, -1.140818994827e-08, 0, -0.086999341845512, 1.2275059191325e-08, 0.9962083697319, 0, 0, -7.6293943607197e-08, 0, 1, },
		{ 0.99505931138992, -1.0676743045224e-08, 0.099281817674637, 0, 1.2021715178889e-08, 1, -1.2948632388543e-08, 0, -0.099281817674637, 1.4078195498257e-08, 0.99505931138992, 0, 0, -7.6293943607197e-08, 0, 1, },
		{ 0.99375879764557, -1.1902101526573e-08, 0.11154941469431, 0, 1.3601081150227e-08, 1, -1.4469733855549e-08, 0, -0.11154941469431, 1.589662446122e-08, 0.99375879764557, 0, 0, -7.6293943607197e-08, 0, 1, },
		{ 0.99230706691742, -1.3104909157846e-08, 0.12380004674196, 0, 1.5199091762952e-08, 1, -1.5971238553902e-08, 0, -0.12380004674196, 1.7730030776875e-08, 0.99230706691742, 0, 0, -7.6293943607197e-08, 0, 1, },
		{ 0.9907044172287, -1.4285006955106e-08, 0.13603159785271, 0, 1.6815462799968e-08, 1, -1.7452890688219e-08, 0, -0.13603159785271, 1.9578095589168e-08, 0.9907044172287, 0, 0, -7.6293943607197e-08, 0, 1, },
		{ 0.9889509677887, -1.5442239487129e-08, 0.14824293553829, 0, 1.8450050376373e-08, 1, -1.8914548149951e-08, 0, -0.14824293553829, 2.1440641262416e-08, 0.9889509677887, 0, 0, -7.6293943607197e-08, 0, 1, },
		{ 0.98722809553146, -1.6473180153298e-08, 0.1593127399683, 0, 1.994997944621e-08, 1, -2.0224348418196e-08, 0, -0.1593127399683, 2.3144323790802e-08, 0.98722809553146, 0, 0, -7.6293943607197e-08, 0, 1, },
		{ 0.98538148403168, -1.7484964587311e-08, 0.17036254703999, 0, 2.1464478194844e-08, 1, -2.1517235992974e-08, 0, -0.17036254703999, 2.485943184638e-08, 0.98538148403168, 0, 0, -7.6293943607197e-08, 0, 1, },
		{ 0.98341089487076, -1.847750752404e-08, 0.181391492486, 0, 2.2993438264507e-08, 1, -2.2793159359935e-08, 0, -0.181391492486, 2.6585849965954e-08, 0.98341089487076, 0, 0, -7.6293943607197e-08, 0, 1, },
		{ 0.9813169836998, -1.9450610011518e-08, 0.19239729642868, 0, 2.4536547016396e-08, 1, -2.4051812985704e-08, 0, -0.19239729642868, 2.8323226430871e-08, 0.9813169836998, 0, 0, -7.6293943607197e-08, 0, 1, },
		{ 0.97909998893738, -2.0404215206327e-08, 0.20337903499603, 0, 2.6093680105532e-08, 1, -2.5293131145077e-08, 0, -0.20337903499603, 3.0071412027155e-08, 0.97909998893738, 0, 0, -7.6293943607197e-08, 0, 1, },
		{ 0.97676014900208, -2.1338179223562e-08, 0.21433544158936, 0, 2.7664631474522e-08, 1, -2.6516927320586e-08, 0, -0.21433544158936, 3.18301971447e-08, 0.97676014900208, 0, 0, -7.6293943607197e-08, 0, 1, },
		{ 0.97429752349854, -2.2252365283748e-08, 0.22526462376118, 0, 2.9249164867906e-08, 1, -2.7723046969186e-08, 0, -0.22526462376118, 3.3599285131913e-08, 0.97429752349854, 0, 0, -7.6293943607197e-08, 0, 1, },
		{ 0.97171270847321, -2.3146681016328e-08, 0.23616570234299, 0, 3.0847118637212e-08, 1, -2.891131423155e-08, 0, -0.23616570234299, 3.5378519669393e-08, 0.97171270847321, 0, 0, -7.6293943607197e-08, 0, 1, },
		{ 0.96900600194931, -2.4021003852681e-08, 0.24703712761402, 0, 3.2458302712257e-08, 1, -3.0081618973554e-08, 0, -0.24703712761402, 3.7167666278037e-08, 0.96900600194931, 0, 0, -7.6293943607197e-08, 0, 1, },
		{ 0.96617758274078, -2.4875204118757e-08, 0.25787729024887, 0, 3.4082439981376e-08, 1, -3.1233781783158e-08, 0, -0.25787729024887, 3.896646916246e-08, 0.96617758274078, 0, 0, -7.6293943607197e-08, 0, 1, },
		{ 0.96551245450974, -2.5068089826163e-08, 0.26035663485527, 0, 3.4456405728633e-08, 1, -3.1495218877353e-08, 0, -0.26035663485527, 3.9379969507536e-08, 0.96551245450974, 0, 0, -7.6293943607197e-08, 0, 1, },
		{ 0.9648409485817, -2.5259936364819e-08, 0.26283437013626, 0, 3.4831053596918e-08, 1, -3.1755689633428e-08, 0, -0.26283437013626, 3.9793977890668e-08, 0.9648409485817, 0, 0, -7.6293943607197e-08, 0, 1, },
		{ 0.96438986063004, -2.5387194568793e-08, 0.26448494195938, 0, 3.5081129112768e-08, 1, -3.1928777843859e-08, 0, -0.26448494195938, 4.0070212037335e-08, 0.96438986063004, 0, 0, -7.6293943607197e-08, 0, 1, },
		{ 0.96795785427094, -2.4344215532324e-08, 0.25111258029938, 0, 3.3066839932872e-08, 1, -3.0516531523972e-08, 0, -0.25111258029938, 3.7842198707949e-08, 0.96795785427094, 0, 0, -7.6293943607197e-08, 0, 1, },
		{ 0.97134065628052, -2.3270459337255e-08, 0.23769156634808, 0, 3.1072204365046e-08, 1, -2.9076474561407e-08, 0, -0.23769156634808, 3.5628758610073e-08, 0.97134065628052, 0, 0, -7.6293943607197e-08, 0, 1, },
		{ 0.97453725337982, -2.2166188884398e-08, 0.22422543168068, 0, 2.9097746434559e-08, 1, -2.7608976438387e-08, 0, -0.22422543168068, 3.3430431756187e-08, 0.97453725337982, 0, 0, -7.6293943607197e-08, 0, 1, },
		{ 0.97754716873169, -2.1031596020293e-08, 0.21071623265743, 0, 2.7143777003857e-08, 1, -2.6114307161151e-08, 0, -0.21071623265743, 3.1247594733941e-08, 0.97754716873169, 0, 0, -7.6293943607197e-08, 0, 1, },
		{ 0.98036992549896, -1.9866931211254e-08, 0.1971667855978, 0, 2.5210688647803e-08, 1, -2.4592722525085e-08, 0, -0.1971667855978, 2.9080679198046e-08, 0.98036992549896, 0, 0, -7.6293943607197e-08, 0, 1, },
		{ 0.9830048084259, -1.867232413133e-08, 0.18357919156551, 0, 2.3298788676129e-08, 1, -2.3044520958138e-08, 0, -0.18357919156551, 2.6930038643513e-08, 0.9830048084259, 0, 0, -7.6293943607197e-08, 0, 1, },
		{ 0.9863868355751, -1.6944952108133e-08, 0.16444146633148, 0, 2.0650778864706e-08, 1, -2.0826249169659e-08, 0, -0.16444146633148, 2.3938568460835e-08, 0.9863868355751, 0, 0, -7.6293943607197e-08, 0, 1, },
		{ 0.98939621448517, -1.5159713484536e-08, 0.14524111151695, 0, 1.8046293348561e-08, 1, -1.8556873371267e-08, 0, -0.14524111151695, 2.0981161696909e-08, 0.98939621448517, 0, 0, -7.6293943607197e-08, 0, 1, },
		{ 0.99203193187714, -1.3317361435838e-08, 0.12598615884781, 0, 1.5486449456148e-08, 1, -1.6237336808445e-08, 0, -0.12598615884781, 1.8059033379814e-08, 0.99203193187714, 0, 0, -7.6293943607197e-08, 0, 1, },
		{ 0.99429303407669, -1.1418578083067e-08, 0.10668364167213, 0, 1.2972164675773e-08, 1, -1.3868514336934e-08, 0, -0.10668364167213, 1.5173277745362e-08, 0.99429303407669, 0, 0, -7.6293943607197e-08, 0, 1, },
		{ 0.99617838859558, -9.4640881798114e-09, 0.08734105527401, 0, 1.0504408010092e-08, 1, -1.1451276371588e-08, 0, -0.08734105527401, 1.2324988141188e-08, 0.99617838859558, 0, 0, -7.6293943607197e-08, 0, 1, },
		{ 0.99768757820129, -7.4545880579535e-09, 0.067965112626553, 0, 8.0840578675634e-09, 1, -8.9865181962523e-09, 0, -0.067965112626553, 9.5151762025125e-09, 0.99768757820129, 0, 0, -7.6293943607197e-08, 0, 1, },
		{ 0.99812680482864, -6.7384742230558e-09, 0.061177730560303, 0, 7.2483885560359e-09, 1, -8.1128916917805e-09, 0, -0.061177730560303, 8.5411278050174e-09, 0.99812680482864, 0, 0, -7.6293943607197e-08, 0, 1, },
		{ 0.99851989746094, -6.0157248071846e-09, 0.054387252777815, 0, 6.4186447268355e-09, 1, -7.2335519796241e-09, 0, -0.054387252777815, 7.5719341907643e-09, 0.99851989746094, 0, 0, -7.6293943607197e-08, 0, 1, },
		{ 0.99886673688889, -5.2864237432004e-09, 0.047594409435987, 0, 5.5949267441235e-09, 1, -6.3485994239443e-09, 0, -0.047594409435987, 6.6076992766284e-09, 0.99886673688889, 0, 0, -7.6293943607197e-08, 0, 1, },
		{ 0.99916726350784, -4.5505714751926e-09, 0.040799364447594, 0, 4.7772488187547e-09, 1, -5.4580904240709e-09, 0, -0.040799364447594, 5.6484594779249e-09, 0.99916726350784, 0, 0, -7.6293943607197e-08, 0, 1, },
		{ 0.99942171573639, -3.8081822140157e-09, 0.034002155065536, 0, 3.9656100625507e-09, 1, -4.5619970023836e-09, 0, -0.034002155065536, 4.6941863729444e-09, 0.99942171573639, 0, 0, -7.6293943607197e-08, 0, 1, },
		{ 0.99962985515594, -3.0593552136082e-09, 0.027203632518649, 0, 3.1601103955836e-09, 1, -3.6604319575417e-09, 0, -0.027203632518649, 3.7450362810887e-09, 0.99962985515594, 0, 0, -7.6293943607197e-08, 0, 1, },
		{ 0.99979174137115, -2.3040769292493e-09, 0.020403742790222, 0, 2.3607498178535e-09, 1, -2.7533955115899e-09, 0, -0.020403742790222, 2.800973675221e-09, 0.99979174137115, 0, 0, -7.6293943607197e-08, 0, 1, },
		{ 0.99990749359131, -1.5424319599333e-09, 0.013603284955025, 0, 1.5676278053434e-09, 1, -1.840987806645e-09, 0, -0.013603284955025, 1.8621406638886e-09, 0.99990749359131, 0, 0, -7.6293943607197e-08, 0, 1, },
		{ 0.99997681379318, -7.7436362877492e-10, 0.0068016792647541, 0, 7.8067324826847e-10, 1, -9.2313706678837e-10, 0, -0.0068016792647541, 9.2842356025358e-10, 0.99997681379318, 0, 0, -7.6293943607197e-08, 0, 1, },
		{ 1, 0, 1.4901177181059e-08, 0, 0, 1, 0, 0, -1.4901144318458e-08, 7.105427357601e-15, 1, 0, 0, -7.6293943607197e-08, 0, 1, },
	},
}
end
