function data()
return {
	times = { 0, 41.667, 83.333, 125, 166.667, 208.333, 250, 291.667, 333.333, 375, 416.667, 458.333, 500, 541.667, 583.333, 625, 666.667, 708.333, 750, 791.667, 833.333, 875, 916.667, 958.333, 1000, 1041.667, 1083.333, 1125, 1166.667, 1208.333, 1250, 1291.667, 1333.333, 1375, 1416.667, 1458.333, 1500, 1541.667, 1583.333, 1625, 1666.667, 1708.333, 1750, 1791.667, 1833.333, 1875, 1916.667, 1958.333, 2000, 2041.667, 2083.333, 2125, 2166.667, 2208.333, 2250, 2291.667, 2333.333, 2375, 2416.667, 2458.333, 2500, 2541.667, 2583.333, 2625, 2666.667, 2708.333, 2750, 2791.667, 2833.333, 2875, 2916.667, 2958.333, 3000, 3041.667, 3083.333, 3125, 3166.667, 3208.333, 3250, 3291.667, 3333.333, 3375, 3416.667, 3458.333, 3500, 3541.667, 3583.333, 3625, 3666.667, 3708.333, 3750, 3791.667, 3833.333, 3875, 3916.667, 3958.333, 4000, 4041.667, 4083.333, 4125, 4166.667, },
	transfs = {
		{ 1, 0, 0, 0, 0, 1, 0, 0, 0, 0, 1, 0, 0, 0, 0, 1, },
		{ 0.9997683763504, 0, -0.021522765979171, 0, 0, 1, 0, 0, 0.021522765979171, 0, 0.9997683763504, 0, -0.0013485717354342, 0, 0, 1, },
		{ 0.99907350540161, 0, -0.043035563081503, 0, 0, 1, 0, 0, 0.043035563081503, 0, 0.99907350540161, 0, -0.0026971434708685, 0, 0, 1, },
		{ 0.99762761592865, 0, -0.068840645253658, 0, 0, 1, 0, 0, 0.068840645253658, 0, 0.99762761592865, 0, -0.0040460205636919, 0, 0, 1, },
		{ 0.99551540613174, 0, -0.094599761068821, 0, 0, 1, 0, 0, 0.094599761068821, 0, 0.99551540613174, 0, -0.0053945919498801, 0, 0, 1, },
		{ 0.99273806810379, 0, -0.12029565125704, 0, 0, 1, 0, 0, 0.12029565125704, 0, 0.99273806810379, 0, -0.0080541986972094, 0, 0, 1, },
		{ 0.9900968670845, 0, -0.1403860449791, 0, 0, 1, 0, 0, 0.1403860449791, 0, 0.9900968670845, 0, -0.010713806375861, 0, 0, 1, },
		{ 0.98704898357391, 0, -0.16041877865791, 0, 0, 1, 0, 0, 0.16041877865791, 0, 0.98704898357391, 0, -0.013987426646054, 0, 0, 1, },
		{ 0.98359596729279, 0, -0.18038563430309, 0, 0, 1, 0, 0, 0.18038563430309, 0, 0.98359596729279, 0, -0.017261046916246, 0, 0, 1, },
		{ 0.97973895072937, 0, -0.2002784460783, 0, 0, 1, 0, 0, 0.2002784460783, 0, 0.97973895072937, 0, -0.020534668117762, 0, 0, 1, },
		{ 0.97547972202301, 0, -0.22008903324604, 0, 0, 1, 0, 0, 0.22008903324604, 0, 0.97547972202301, 0, -0.023808592930436, 0, 0, 1, },
		{ 0.97274023294449, 0, -0.23189724981785, 0, 0, 1, 0, 0, 0.23189724981785, 0, 0.97274023294449, 0, -0.026673277840018, 0, 0, 1, },
		{ 0.9698578119278, 0, -0.24367149174213, 0, 0, 1, 0, 0, 0.24367149174213, 0, 0.9698578119278, 0, -0.029538115486503, 0, 0, 1, },
		{ 0.96683287620544, 0, -0.25540989637375, 0, 0, 1, 0, 0, 0.25540989637375, 0, 0.96683287620544, 0, -0.03240280225873, 0, 0, 1, },
		{ 0.96366584300995, 0, -0.26711070537567, 0, 0, 1, 0, 0, 0.26711070537567, 0, 0.96366584300995, 0, -0.035267487168312, 0, 0, 1, },
		{ 0.96035718917847, 0, -0.27877241373062, 0, 0, 1, 0, 0, 0.27877241373062, 0, 0.96035718917847, 0, -0.037487030029297, 0, 0, 1, },
		{ 0.95770275592804, 0, -0.28775918483734, 0, 0, 1, 0, 0, 0.28775918483734, 0, 0.95770275592804, 0, -0.039706420153379, 0, 0, 1, },
		{ 0.95496428012848, 0, -0.29672059416771, 0, 0, 1, 0, 0, 0.29672059416771, 0, 0.95496428012848, 0, -0.041925963014364, 0, 0, 1, },
		{ 0.95214200019836, 0, -0.30565601587296, 0, 0, 1, 0, 0, 0.30565601587296, 0, 0.95214200019836, 0, -0.043822936713696, 0, 0, 1, },
		{ 0.94923603534698, 0, -0.31456461548805, 0, 0, 1, 0, 0, 0.31456461548805, 0, 0.94923603534698, 0, -0.045720059424639, 0, 0, 1, },
		{ 0.94624674320221, 0, -0.32344549894333, 0, 0, 1, 0, 0, 0.32344549894333, 0, 0.94624674320221, 0, -0.04761703312397, 0, 0, 1, },
		{ 0.94470816850662, 0, -0.32791209220886, 0, 0, 1, 0, 0, 0.32791209220886, 0, 0.94470816850662, 0, -0.048274993896484, 0, 0, 1, },
		{ 0.94314861297607, 0, -0.33237126469612, 0, 0, 1, 0, 0, 0.33237126469612, 0, 0.94314861297607, 0, -0.048932950943708, 0, 0, 1, },
		{ 0.94156795740128, 0, -0.33682307600975, 0, 0, 1, 0, 0, 0.33682307600975, 0, 0.94156795740128, 0, -0.049590911716223, 0, 0, 1, },
		{ 0.93996626138687, 0, -0.34126725792885, 0, 0, 1, 0, 0, 0.34126725792885, 0, 0.93996626138687, 0, -0.050249021500349, 0, 0, 1, },
		{ 0.93834364414215, 0, -0.34570389986038, 0, 0, 1, 0, 0, 0.34570389986038, 0, 0.93834364414215, 0, -0.050906982272863, 0, 0, 1, },
		{ 0.94092851877213, 0, -0.33860531449318, 0, 0, 1, 0, 0, 0.33860531449318, 0, 0.94092851877213, 0, -0.051564939320087, 0, 0, 1, },
		{ 0.94345957040787, 0, -0.33148741722107, 0, 0, 1, 0, 0, 0.33148741722107, 0, 0.94345957040787, 0, -0.052222900092602, 0, 0, 1, },
		{ 0.94593691825867, 0, -0.32435059547424, 0, 0, 1, 0, 0, 0.32435059547424, 0, 0.94593691825867, 0, -0.052880857139826, 0, 0, 1, },
		{ 0.9483602643013, 0, -0.31719520688057, 0, 0, 1, 0, 0, 0.31719520688057, 0, 0.9483602643013, 0, -0.05213226377964, 0, 0, 1, },
		{ 0.95072937011719, 0, -0.3100218474865, 0, 0, 1, 0, 0, 0.3100218474865, 0, 0.95072937011719, 0, -0.051383513957262, 0, 0, 1, },
		{ 0.95485830307007, 0, -0.29706135392189, 0, 0, 1, 0, 0, 0.29706135392189, 0, 0.95485830307007, 0, -0.050634916871786, 0, 0, 1, },
		{ 0.95881056785583, 0, -0.28404605388641, 0, 0, 1, 0, 0, 0.28404605388641, 0, 0.95881056785583, 0, -0.049886167049408, 0, 0, 1, },
		{ 0.96258556842804, 0, -0.27097797393799, 0, 0, 1, 0, 0, 0.27097797393799, 0, 0.96258556842804, 0, -0.049137573689222, 0, 0, 1, },
		{ 0.96618223190308, 0, -0.25785994529724, 0, 0, 1, 0, 0, 0.25785994529724, 0, 0.96618223190308, 0, -0.048388976603746, 0, 0, 1, },
		{ 0.96960031986237, 0, -0.24469412863255, 0, 0, 1, 0, 0, 0.24469412863255, 0, 0.96960031986237, 0, -0.047640226781368, 0, 0, 1, },
		{ 0.97283887863159, 0, -0.23148311674595, 0, 0, 1, 0, 0, 0.23148311674595, 0, 0.97283887863159, 0, -0.046891629695892, 0, 0, 1, },
		{ 0.97589755058289, 0, -0.21822915971279, 0, 0, 1, 0, 0, 0.21822915971279, 0, 0.97589755058289, 0, -0.046143036335707, 0, 0, 1, },
		{ 0.97877562046051, 0, -0.2049348950386, 0, 0, 1, 0, 0, 0.2049348950386, 0, 0.97877562046051, 0, -0.045394286513329, 0, 0, 1, },
		{ 0.98168540000916, 0, -0.19050903618336, 0, 0, 1, 0, 0, 0.19050903618336, 0, 0.98168540000916, 0, -0.044645689427853, 0, 0, 1, },
		{ 0.98438262939453, 0, -0.17604187130928, 0, 0, 1, 0, 0, 0.17604187130928, 0, 0.98438262939453, 0, -0.043896939605474, 0, 0, 1, },
		{ 0.98774206638336, 0, -0.15609440207481, 0, 0, 1, 0, 0, 0.15609440207481, 0, 0.98774206638336, 0, -0.043148346245289, 0, 0, 1, },
		{ 0.99069744348526, 0, -0.13608306646347, 0, 0, 1, 0, 0, 0.13608306646347, 0, 0.99069744348526, 0, -0.038151551038027, 0, 0, 1, },
		{ 0.99324733018875, 0, -0.11601606011391, 0, 0, 1, 0, 0, 0.11601606011391, 0, 0.99324733018875, 0, -0.033154603093863, 0, 0, 1, },
		{ 0.99539077281952, 0, -0.095901601016521, 0, 0, 1, 0, 0, 0.095901601016521, 0, 0.99539077281952, 0, -0.028157653287053, 0, 0, 1, },
		{ 0.99712693691254, 0, -0.07574786990881, 0, 0, 1, 0, 0, 0.07574786990881, 0, 0.99712693691254, 0, -0.023160858079791, 0, 0, 1, },
		{ 0.99845510721207, 0, -0.055563159286976, 0, 0, 1, 0, 0, 0.055563159286976, 0, 0.99845510721207, 0, -0.018164062872529, 0, 0, 1, },
		{ 0.99937480688095, 0, -0.03535570576787, 0, 0, 1, 0, 0, 0.03535570576787, 0, 0.99937480688095, 0, -0.013167113997042, 0, 0, 1, },
		{ 0.99979341030121, 0, -0.020326890051365, 0, 0, 1, 0, 0, 0.020326890051365, 0, 0.99979341030121, 0, -0.0052868649363518, 0, 0, 1, },
		{ 0.99998599290848, 0, -0.0052934819832444, 0, 0, 1, 0, 0, 0.0052934819832444, 0, 0.99998599290848, 0, 0.0025933836586773, 0, 0, 1, },
		{ 0.99995255470276, 0, 0.0097411228343844, 0, 0, 1, 0, 0, -0.0097411228343844, 0, 0.99995255470276, 0, 0.010473327711225, 0, 0, 1, },
		{ 0.99969309568405, 0, 0.024773523211479, 0, 0, 1, 0, 0, -0.024773523211479, 0, 0.99969309568405, 0, 0.018353575840592, 0, 0, 1, },
		{ 0.99921888113022, 0, 0.039517745375633, 0, 0, 1, 0, 0, -0.039517745375633, 0, 0.99921888113022, 0, 0.027294615283608, 0, 0, 1, },
		{ 0.9985271692276, 0, 0.054253377020359, 0, 0, 1, 0, 0, -0.054253377020359, 0, 0.9985271692276, 0, 0.036236267536879, 0, 0, 1, },
		{ 0.99761819839478, 0, 0.068977192044258, 0, 0, 1, 0, 0, -0.068977192044258, 0, 0.99761819839478, 0, 0.045177306979895, 0, 0, 1, },
		{ 0.99649214744568, 0, 0.083686001598835, 0, 0, 1, 0, 0, -0.083686001598835, 0, 0.99649214744568, 0, 0.054118651896715, 0, 0, 1, },
		{ 0.99504327774048, 0, 0.099443070590496, 0, 0, 1, 0, 0, -0.099443070590496, 0, 0.99504327774048, 0, 0.0632434040308, 0, 0, 1, },
		{ 0.99334520101547, 0, 0.11517526209354, 0, 0, 1, 0, 0, -0.11517526209354, 0, 0.99334520101547, 0, 0.072368770837784, 0, 0, 1, },
		{ 0.99139839410782, 0, 0.1308786123991, 0, 0, 1, 0, 0, -0.1308786123991, 0, 0.99139839410782, 0, 0.081493832170963, 0, 0, 1, },
		{ 0.98920333385468, 0, 0.14654916524887, 0, 0, 1, 0, 0, -0.14654916524887, 0, 0.98920333385468, 0, 0.090618893504143, 0, 0, 1, },
		{ 0.98676067590714, 0, 0.1621830612421, 0, 0, 1, 0, 0, -0.1621830612421, 0, 0.98676067590714, 0, 0.099743954837322, 0, 0, 1, },
		{ 0.98590779304504, 0, 0.1672895103693, 0, 0, 1, 0, 0, -0.1672895103693, 0, 0.98590779304504, 0, 0.1080432087183, 0, 0, 1, },
		{ 0.98502850532532, 0, 0.1723915040493, 0, 0, 1, 0, 0, -0.1723915040493, 0, 0.98502850532532, 0, 0.11634185165167, 0, 0, 1, },
		{ 0.98412281274796, 0, 0.17748892307281, 0, 0, 1, 0, 0, -0.17748892307281, 0, 0.98412281274796, 0, 0.12464111298323, 0, 0, 1, },
		{ 0.98319071531296, 0, 0.18258145451546, 0, 0, 1, 0, 0, -0.18258145451546, 0, 0.98319071531296, 0, 0.13294005393982, 0, 0, 1, },
		{ 0.98191273212433, 0, 0.18933373689651, 0, 0, 1, 0, 0, -0.18933373689651, 0, 0.98191273212433, 0, 0.13932555913925, 0, 0, 1, },
		{ 0.98058849573135, 0, 0.19607700407505, 0, 0, 1, 0, 0, -0.19607700407505, 0, 0.98058849573135, 0, 0.1457107514143, 0, 0, 1, },
		{ 0.97921788692474, 0, 0.20281094312668, 0, 0, 1, 0, 0, -0.20281094312668, 0, 0.97921788692474, 0, 0.15209624171257, 0, 0, 1, },
		{ 0.97780108451843, 0, 0.20953537523746, 0, 0, 1, 0, 0, -0.20953537523746, 0, 0.97780108451843, 0, 0.158481746912, 0, 0, 1, },
		{ 0.97633802890778, 0, 0.21624991297722, 0, 0, 1, 0, 0, -0.21624991297722, 0, 0.97633802890778, 0, 0.16486693918705, 0, 0, 1, },
		{ 0.97369933128357, 0, 0.22783686220646, 0, 0, 1, 0, 0, -0.22783686220646, 0, 0.97369933128357, 0, 0.16827698051929, 0, 0, 1, },
		{ 0.97277283668518, 0, 0.23176065087318, 0, 0, 1, 0, 0, -0.23176065087318, 0, 0.97277283668518, 0, 0.17168731987476, 0, 0, 1, },
		{ 0.97183054685593, 0, 0.23568065464497, 0, 0, 1, 0, 0, -0.23568065464497, 0, 0.97183054685593, 0, 0.17391569912434, 0, 0, 1, },
		{ 0.97087240219116, 0, 0.23959681391716, 0, 0, 1, 0, 0, -0.23959681391716, 0, 0.97087240219116, 0, 0.17614379525185, 0, 0, 1, },
		{ 0.96989858150482, 0, 0.24350906908512, 0, 0, 1, 0, 0, -0.24350906908512, 0, 0.96989858150482, 0, 0.17837218940258, 0, 0, 1, },
		{ 0.96890896558762, 0, 0.24741739034653, 0, 0, 1, 0, 0, -0.24741739034653, 0, 0.96890896558762, 0, 0.17660613358021, 0, 0, 1, },
		{ 0.96924090385437, 0, 0.24611379206181, 0, 0, 1, 0, 0, -0.24611379206181, 0, 0.96924090385437, 0, 0.17484007775784, 0, 0, 1, },
		{ 0.96957105398178, 0, 0.24480976164341, 0, 0, 1, 0, 0, -0.24480976164341, 0, 0.96957105398178, 0, 0.17307372391224, 0, 0, 1, },
		{ 0.96989953517914, 0, 0.24350526928902, 0, 0, 1, 0, 0, -0.24350526928902, 0, 0.96989953517914, 0, 0.17130766808987, 0, 0, 1, },
		{ 0.97022622823715, 0, 0.24220035970211, 0, 0, 1, 0, 0, -0.24220035970211, 0, 0.97022622823715, 0, 0.16820983588696, 0, 0, 1, },
		{ 0.96932184696198, 0, 0.24579495191574, 0, 0, 1, 0, 0, -0.24579495191574, 0, 0.96932184696198, 0, 0.16181823611259, 0, 0, 1, },
		{ 0.97030103206635, 0, 0.24190056324005, 0, 0, 1, 0, 0, -0.24190056324005, 0, 0.97030103206635, 0, 0.15237487852573, 0, 0, 1, },
		{ 0.97126460075378, 0, 0.23800221085548, 0, 0, 1, 0, 0, -0.23800221085548, 0, 0.97126460075378, 0, 0.14293152093887, 0, 0, 1, },
		{ 0.97221249341965, 0, 0.23410005867481, 0, 0, 1, 0, 0, -0.23410005867481, 0, 0.97221249341965, 0, 0.13348816335201, 0, 0, 1, },
		{ 0.97314471006393, 0, 0.23019404709339, 0, 0, 1, 0, 0, -0.23019404709339, 0, 0.97314471006393, 0, 0.12404510378838, 0, 0, 1, },
		{ 0.97406125068665, 0, 0.22628439962864, 0, 0, 1, 0, 0, -0.22628439962864, 0, 0.97406125068665, 0, 0.11460174620152, 0, 0, 1, },
		{ 0.97496211528778, 0, 0.22237102687359, 0, 0, 1, 0, 0, -0.22237102687359, 0, 0.97496211528778, 0, 0.10515838116407, 0, 0, 1, },
		{ 0.97584712505341, 0, 0.21845418214798, 0, 0, 1, 0, 0, -0.21845418214798, 0, 0.97584712505341, 0, 0.095715023577213, 0, 0, 1, },
		{ 0.97763073444366, 0, 0.21032842993736, 0, 0, 1, 0, 0, -0.21032842993736, 0, 0.97763073444366, 0, 0.08512756228447, 0, 0, 1, },
		{ 0.9793466925621, 0, 0.20218813419342, 0, 0, 1, 0, 0, -0.20218813419342, 0, 0.9793466925621, 0, 0.074540100991726, 0, 0, 1, },
		{ 0.98099476099014, 0, 0.19403387606144, 0, 0, 1, 0, 0, -0.19403387606144, 0, 0.98099476099014, 0, 0.063952632248402, 0, 0, 1, },
		{ 0.98257499933243, 0, 0.18586611747742, 0, 0, 1, 0, 0, -0.18586611747742, 0, 0.98257499933243, 0, 0.053365170955658, 0, 0, 1, },
		{ 0.98537057638168, 0, 0.17042519152164, 0, 0, 1, 0, 0, -0.17042519152164, 0, 0.98537057638168, 0, 0.044719237834215, 0, 0, 1, },
		{ 0.98792350292206, 0, 0.15494230389595, 0, 0, 1, 0, 0, -0.15494230389595, 0, 0.98792350292206, 0, 0.036073606461287, 0, 0, 1, },
		{ 0.9902331829071, 0, 0.13942128419876, 0, 0, 1, 0, 0, -0.13942128419876, 0, 0.9902331829071, 0, 0.027427978813648, 0, 0, 1, },
		{ 0.99229896068573, 0, 0.1238659247756, 0, 0, 1, 0, 0, -0.1238659247756, 0, 0.99229896068573, 0, 0.01878234744072, 0, 0, 1, },
		{ 0.99443745613098, 0, 0.10532836616039, 0, 0, 1, 0, 0, -0.10532836616039, 0, 0.99443745613098, 0, 0.01297973562032, 0, 0, 1, },
		{ 0.99622970819473, 0, 0.086754098534584, 0, 0, 1, 0, 0, -0.086754098534584, 0, 0.99622970819473, 0, 0.0071777342818677, 0, 0, 1, },
		{ 0.99832367897034, 0, 0.057876504957676, 0, 0, 1, 0, 0, -0.057876504957676, 0, 0.99832367897034, 0, 0.0047851563431323, 0, 0, 1, },
		{ 0.99958086013794, 0, 0.02895038947463, 0, 0, 1, 0, 0, -0.02895038947463, 0, 0.99958086013794, 0, 0.0023925781715661, 0, 0, 1, },
		{ 1, 0, 0, 0, 0, 1, 0, 0, 0, 0, 1, 0, 0, 0, 0, 1, },
	},
}
end
