function data()
return {
	times = { 0, 41.667, 83.333, 125, 166.667, 208.333, 250, 291.667, 333.333, 375, 416.667, 458.333, 500, 541.667, 583.333, 625, 666.667, 708.333, 750, 791.667, 833.333, 875, 916.667, 958.333, 1000, 1041.667, 1083.333, 1125, 1166.667, 1208.333, 1250, 1291.667, 1333.333, 1375, 1416.667, 1458.333, 1500, 1541.667, 1583.333, 1625, 1666.667, 1708.333, 1750, 1791.667, 1833.333, 1875, 1916.667, 1958.333, 2000, 2041.667, 2083.333, 2125, 2166.667, 2208.333, 2250, 2291.667, 2333.333, 2375, 2416.667, 2458.333, 2500, 2541.667, 2583.333, 2625, 2666.667, 2708.333, 2750, 2791.667, 2833.333, 2875, 2916.667, 2958.333, 3000, 3041.667, 3083.333, 3125, 3166.667, 3208.333, 3250, 3291.667, 3333.333, 3375, 3416.667, 3458.333, 3500, 3541.667, 3583.333, 3625, 3666.667, 3708.333, 3750, 3791.667, 3833.333, 3875, 3916.667, 3958.333, 4000, 4041.667, 4083.333, 4125, 4166.667, },
	transfs = {
		{ 1, 0, 0, 0, 0, 1, 0, 0, 0, 0, 1, 0, 0, 0, 0, 1, },
		{ 0.99999725818634, 0, 0.0023248919751495, 0, 0, 1, 0, 0, -0.0023248919751495, 0, 0.99999725818634, 0, 0, 0, 0, 1, },
		{ 0.99998915195465, 0, 0.0046497713774443, 0, 0, 1, 0, 0, -0.0046497713774443, 0, 0.99998915195465, 0, 0, 0, 0, 1, },
		{ 0.99997568130493, 0, 0.0069746244698763, 0, 0, 1, 0, 0, -0.0069746244698763, 0, 0.99997568130493, 0, 0, 0, 0, 1, },
		{ 0.99995678663254, 0, 0.0092994403094053, 0, 0, 1, 0, 0, -0.0092994403094053, 0, 0.99995678663254, 0, 0, 0, 0, 1, },
		{ 0.99993234872818, 0, 0.01162420772016, 0, 0, 1, 0, 0, -0.01162420772016, 0, 0.99993234872818, 0, 0, 0, 0, 1, },
		{ 0.99996852874756, 0, 0.0079338131472468, 0, 0, 1, 0, 0, -0.0079338131472468, 0, 0.99996852874756, 0, 0, 0, 0, 1, },
		{ 0.99999094009399, 0, 0.0042433110065758, 0, 0, 1, 0, 0, -0.0042433110065758, 0, 0.99999094009399, 0, 0, 0, 0, 1, },
		{ 0.99999976158142, 0, 0.00055275036720559, 0, 0, 1, 0, 0, -0.00055275036720559, 0, 0.99999976158142, 0, 0, 0, 0, 1, },
		{ 0.99999505281448, 0, -0.0031378183048218, 0, 0, 1, 0, 0, 0.0031378183048218, 0, 0.99999505281448, 0, 0, 0, 0, 1, },
		{ 0.99997669458389, 0, -0.0068283434957266, 0, 0, 1, 0, 0, 0.0068283434957266, 0, 0.99997669458389, 0, 0, 0, 0, 1, },
		{ 0.99993598461151, 0, -0.011311240494251, 0, 0, 1, 0, 0, 0.011311240494251, 0, 0.99993598461151, 0, 0, 0, 0, 1, },
		{ 0.99987518787384, 0, -0.015793917700648, 0, 0, 1, 0, 0, 0.015793917700648, 0, 0.99987518787384, 0, 0, 0, 0, 1, },
		{ 0.99979442358017, 0, -0.020276267081499, 0, 0, 1, 0, 0, 0.020276267081499, 0, 0.99979442358017, 0, 0, 0, 0, 1, },
		{ 0.99969339370728, 0, -0.024758215993643, 0, 0, 1, 0, 0, 0.024758215993643, 0, 0.99969339370728, 0, 0, 0, 0, 1, },
		{ 0.99957239627838, 0, -0.029239663854241, 0, 0, 1, 0, 0, 0.029239663854241, 0, 0.99957239627838, 0, 0, 0, 0, 1, },
		{ 0.99935632944107, 0, -0.035872463136911, 0, 0, 1, 0, 0, 0.035872463136911, 0, 0.99935632944107, 0, 0, 0, 0, 1, },
		{ 0.99909633398056, 0, -0.042503658682108, 0, 0, 1, 0, 0, 0.042503658682108, 0, 0.99909633398056, 0, 0, 0, 0, 1, },
		{ 0.99879223108292, 0, -0.049133021384478, 0, 0, 1, 0, 0, 0.049133021384478, 0, 0.99879223108292, 0, 0, 0, 0, 1, },
		{ 0.99844419956207, 0, -0.055760186165571, 0, 0, 1, 0, 0, 0.055760186165571, 0, 0.99844419956207, 0, 0, 0, 0, 1, },
		{ 0.99805212020874, 0, -0.062384910881519, 0, 0, 1, 0, 0, 0.062384910881519, 0, 0.99805212020874, 0, 0, 0, 0, 1, },
		{ 0.9979173541069, 0, -0.064505562186241, 0, 0, 1, 0, 0, 0.064505562186241, 0, 0.9979173541069, 0, 0, 0, 0, 1, },
		{ 0.99777793884277, 0, -0.06662592291832, 0, 0, 1, 0, 0, 0.06662592291832, 0, 0.99777793884277, 0, 0, 0, 0, 1, },
		{ 0.99763411283493, 0, -0.068745963275433, 0, 0, 1, 0, 0, 0.068745963275433, 0, 0.99763411283493, 0, 0, 0, 0, 1, },
		{ 0.99748587608337, 0, -0.07086569070816, 0, 0, 1, 0, 0, 0.07086569070816, 0, 0.99748587608337, 0, 0, 0, 0, 1, },
		{ 0.99733304977417, 0, -0.072985112667084, 0, 0, 1, 0, 0, 0.072985112667084, 0, 0.99733304977417, 0, 0, 0, 0, 1, },
		{ 0.99748373031616, 0, -0.070894733071327, 0, 0, 1, 0, 0, 0.070894733071327, 0, 0.99748373031616, 0, 0, 0, 0, 1, },
		{ 0.99763011932373, 0, -0.068804040551186, 0, 0, 1, 0, 0, 0.068804040551186, 0, 0.99763011932373, 0, 0, 0, 0, 1, },
		{ 0.99777215719223, 0, -0.06671304255724, 0, 0, 1, 0, 0, 0.06671304255724, 0, 0.99777215719223, 0, 0, 0, 0, 1, },
		{ 0.99790978431702, 0, -0.06462175399065, 0, 0, 1, 0, 0, 0.06462175399065, 0, 0.99790978431702, 0, 0, 0, 0, 1, },
		{ 0.99804306030273, 0, -0.062530182301998, 0, 0, 1, 0, 0, 0.062530182301998, 0, 0.99804306030273, 0, 0, 0, 0, 1, },
		{ 0.99824488162994, 0, -0.059221416711807, 0, 0, 1, 0, 0, 0.059221416711807, 0, 0.99824488162994, 0, 0, 0, 0, 1, },
		{ 0.99843561649323, 0, -0.055912021547556, 0, 0, 1, 0, 0, 0.055912021547556, 0, 0.99843561649323, 0, 0, 0, 0, 1, },
		{ 0.9986155629158, 0, -0.052601989358664, 0, 0, 1, 0, 0, 0.052601989358664, 0, 0.9986155629158, 0, 0, 0, 0, 1, },
		{ 0.99878442287445, 0, -0.049291383475065, 0, 0, 1, 0, 0, 0.049291383475065, 0, 0.99878442287445, 0, 0, 0, 0, 1, },
		{ 0.99894237518311, 0, -0.045980252325535, 0, 0, 1, 0, 0, 0.045980252325535, 0, 0.99894237518311, 0, 0, 0, 0, 1, },
		{ 0.99916338920593, 0, -0.040896736085415, 0, 0, 1, 0, 0, 0.040896736085415, 0, 0.99916338920593, 0, 0, 0, 0, 1, },
		{ 0.99935847520828, 0, -0.03581216558814, 0, 0, 1, 0, 0, 0.03581216558814, 0, 0.99935847520828, 0, 0, 0, 0, 1, },
		{ 0.99952781200409, 0, -0.030726674944162, 0, 0, 1, 0, 0, 0.030726674944162, 0, 0.99952781200409, 0, 0, 0, 0, 1, },
		{ 0.99967122077942, 0, -0.025640372186899, 0, 0, 1, 0, 0, 0.025640372186899, 0, 0.99967122077942, 0, 0, 0, 0, 1, },
		{ 0.99978876113892, 0, -0.020553413778543, 0, 0, 1, 0, 0, 0.020553413778543, 0, 0.99978876113892, 0, 0, 0, 0, 1, },
		{ 0.99988979101181, 0, -0.01484558172524, 0, 0, 1, 0, 0, 0.01484558172524, 0, 0.99988979101181, 0, 0, 0, 0, 1, },
		{ 0.99995827674866, 0, -0.0091372663155198, 0, 0, 1, 0, 0, 0.0091372663155198, 0, 0.99995827674866, 0, 0, 0, 0, 1, },
		{ 0.99999409914017, 0, -0.0034286519512534, 0, 0, 1, 0, 0, 0.0034286519512534, 0, 0.99999409914017, 0, 0, 0, 0, 1, },
		{ 0.99999737739563, 0, 0.00228007347323, 0, 0, 1, 0, 0, -0.00228007347323, 0, 0.99999737739563, 0, 0, 0, 0, 1, },
		{ 0.99996811151505, 0, 0.0079887248575687, 0, 0, 1, 0, 0, -0.0079887248575687, 0, 0.99996811151505, 0, 0, 0, 0, 1, },
		{ 0.99992871284485, 0, 0.011932809837162, 0, 0, 1, 0, 0, -0.011932809837162, 0, 0.99992871284485, 0, 0, 0, 0, 1, },
		{ 0.99987387657166, 0, 0.015876704826951, 0, 0, 1, 0, 0, -0.015876704826951, 0, 0.99987387657166, 0, 0, 0, 0, 1, },
		{ 0.99980354309082, 0, 0.019820354878902, 0, 0, 1, 0, 0, -0.019820354878902, 0, 0.99980354309082, 0, 0, 0, 0, 1, },
		{ 0.99971759319305, 0, 0.023763699457049, 0, 0, 1, 0, 0, -0.023763699457049, 0, 0.99971759319305, 0, 0, 0, 0, 1, },
		{ 0.999616086483, 0, 0.027706665918231, 0, 0, 1, 0, 0, -0.027706665918231, 0, 0.999616086483, 0, 0, 0, 0, 1, },
		{ 0.99940729141235, 0, 0.034424550831318, 0, 0, 1, 0, 0, -0.034424550831318, 0, 0.99940729141235, 0, 0, 0, 0, 1, },
		{ 0.99915331602097, 0, 0.041140880435705, 0, 0, 1, 0, 0, -0.041140880435705, 0, 0.99915331602097, 0, 0, 0, 0, 1, },
		{ 0.99885427951813, 0, 0.047855347394943, 0, 0, 1, 0, 0, -0.047855347394943, 0, 0.99885427951813, 0, 0, 0, 0, 1, },
		{ 0.99851006269455, 0, 0.054567661136389, 0, 0, 1, 0, 0, -0.054567661136389, 0, 0.99851006269455, 0, 0, 0, 0, 1, },
		{ 0.99812078475952, 0, 0.061277497559786, 0, 0, 1, 0, 0, -0.061277497559786, 0, 0.99812078475952, 0, 0, 0, 0, 1, },
		{ 0.99768555164337, 0, 0.067996352910995, 0, 0, 1, 0, 0, -0.067996352910995, 0, 0.99768555164337, 0, 0, 0, 0, 1, },
		{ 0.99720507860184, 0, 0.074712119996548, 0, 0, 1, 0, 0, -0.074712119996548, 0, 0.99720507860184, 0, 0, 0, 0, 1, },
		{ 0.99667942523956, 0, 0.081424497067928, 0, 0, 1, 0, 0, -0.081424497067928, 0, 0.99667942523956, 0, 0, 0, 0, 1, },
		{ 0.99610871076584, 0, 0.088133186101913, 0, 0, 1, 0, 0, -0.088133186101913, 0, 0.99610871076584, 0, 0, 0, 0, 1, },
		{ 0.99549275636673, 0, 0.094837889075279, 0, 0, 1, 0, 0, -0.094837889075279, 0, 0.99549275636673, 0, 0, 0, 0, 1, },
		{ 0.99500930309296, 0, 0.099781736731529, 0, 0, 1, 0, 0, -0.099781736731529, 0, 0.99500930309296, 0, 0, 0, 0, 1, },
		{ 0.99450135231018, 0, 0.10472312569618, 0, 0, 1, 0, 0, -0.10472312569618, 0, 0.99450135231018, 0, 0, 0, 0, 1, },
		{ 0.9939689040184, 0, 0.10966195166111, 0, 0, 1, 0, 0, -0.10966195166111, 0, 0.9939689040184, 0, 0, 0, 0, 1, },
		{ 0.99341189861298, 0, 0.11459803581238, 0, 0, 1, 0, 0, -0.11459803581238, 0, 0.99341189861298, 0, 0, 0, 0, 1, },
		{ 0.99283045530319, 0, 0.11953130364418, 0, 0, 1, 0, 0, -0.11953130364418, 0, 0.99283045530319, 0, 0, 0, 0, 1, },
		{ 0.99247413873672, 0, 0.12245374917984, 0, 0, 1, 0, 0, -0.12245374917984, 0, 0.99247413873672, 0, 0, 0, 0, 1, },
		{ 0.99210941791534, 0, 0.12537515163422, 0, 0, 1, 0, 0, -0.12537515163422, 0, 0.99210941791534, 0, 0, 0, 0, 1, },
		{ 0.99173599481583, 0, 0.12829545140266, 0, 0, 1, 0, 0, -0.12829545140266, 0, 0.99173599481583, 0, 0, 0, 0, 1, },
		{ 0.99135392904282, 0, 0.13121466338634, 0, 0, 1, 0, 0, -0.13121466338634, 0, 0.99135392904282, 0, 0, 0, 0, 1, },
		{ 0.9909633398056, 0, 0.13413271307945, 0, 0, 1, 0, 0, -0.13413271307945, 0, 0.9909633398056, 0, 0, 0, 0, 1, },
		{ 0.99070703983307, 0, 0.13601292669773, 0, 0, 1, 0, 0, -0.13601292669773, 0, 0.99070703983307, 0, 0, 0, 0, 1, },
		{ 0.9904471039772, 0, 0.13789270818233, 0, 0, 1, 0, 0, -0.13789270818233, 0, 0.9904471039772, 0, 0, 0, 0, 1, },
		{ 0.9901836514473, 0, 0.13977195322514, 0, 0, 1, 0, 0, -0.13977195322514, 0, 0.9901836514473, 0, 0, 0, 0, 1, },
		{ 0.9899166226387, 0, 0.14165067672729, 0, 0, 1, 0, 0, -0.14165067672729, 0, 0.9899166226387, 0, 0, 0, 0, 1, },
		{ 0.98964607715607, 0, 0.14352895319462, 0, 0, 1, 0, 0, -0.14352895319462, 0, 0.98964607715607, 0, 0, 0, 0, 1, },
		{ 0.99007159471512, 0, 0.14056357741356, 0, 0, 1, 0, 0, -0.14056357741356, 0, 0.99007159471512, 0, 0, 0, 0, 1, },
		{ 0.99048829078674, 0, 0.13759696483612, 0, 0, 1, 0, 0, -0.13759696483612, 0, 0.99048829078674, 0, 0, 0, 0, 1, },
		{ 0.99089604616165, 0, 0.1346291154623, 0, 0, 1, 0, 0, -0.1346291154623, 0, 0.99089604616165, 0, 0, 0, 0, 1, },
		{ 0.99129492044449, 0, 0.13166001439095, 0, 0, 1, 0, 0, -0.13166001439095, 0, 0.99129492044449, 0, 0, 0, 0, 1, },
		{ 0.99168485403061, 0, 0.12868975102901, 0, 0, 1, 0, 0, -0.12868975102901, 0, 0.99168485403061, 0, 0, 0, 0, 1, },
		{ 0.99300444126129, 0, 0.11807710677385, 0, 0, 1, 0, 0, -0.11807710677385, 0, 0.99300444126129, 0, 0, 0, 0, 1, },
		{ 0.99421030282974, 0, 0.10745095461607, 0, 0, 1, 0, 0, -0.10745095461607, 0, 0.99421030282974, 0, 0, 0, 0, 1, },
		{ 0.99530255794525, 0, 0.096812538802624, 0, 0, 1, 0, 0, -0.096812538802624, 0, 0.99530255794525, 0, 0, 0, 0, 1, },
		{ 0.99628102779388, 0, 0.086163021624088, 0, 0, 1, 0, 0, -0.086163021624088, 0, 0.99628102779388, 0, 0, 0, 0, 1, },
		{ 0.99714547395706, 0, 0.075503654778004, 0, 0, 1, 0, 0, -0.075503654778004, 0, 0.99714547395706, 0, 0, 0, 0, 1, },
		{ 0.99777513742447, 0, 0.066668689250946, 0, 0, 1, 0, 0, -0.066668689250946, 0, 0.99777513742447, 0, 0, 0, 0, 1, },
		{ 0.99832648038864, 0, 0.057828489691019, 0, 0, 1, 0, 0, -0.057828489691019, 0, 0.99832648038864, 0, 0, 0, 0, 1, },
		{ 0.99879950284958, 0, 0.04898377135396, 0, 0, 1, 0, 0, -0.04898377135396, 0, 0.99879950284958, 0, 0, 0, 0, 1, },
		{ 0.99919420480728, 0, 0.040135193616152, 0, 0, 1, 0, 0, -0.040135193616152, 0, 0.99919420480728, 0, 0, 0, 0, 1, },
		{ 0.99951046705246, 0, 0.031283482909203, 0, 0, 1, 0, 0, -0.031283482909203, 0, 0.99951046705246, 0, 0, 0, 0, 1, },
		{ 0.99972879886627, 0, 0.023287272080779, 0, 0, 1, 0, 0, -0.023287272080779, 0, 0.99972879886627, 0, 0, 0, 0, 1, },
		{ 0.9998831152916, 0, 0.015289571136236, 0, 0, 1, 0, 0, -0.015289571136236, 0, 0.9998831152916, 0, 0, 0, 0, 1, },
		{ 0.99997341632843, 0, 0.0072909002192318, 0, 0, 1, 0, 0, -0.0072909002192318, 0, 0.99997341632843, 0, 0, 0, 0, 1, },
		{ 0.99999970197678, 0, -0.00070824474096298, 0, 0, 1, 0, 0, 0.00070824474096298, 0, 0.99999970197678, 0, 0, 0, 0, 1, },
		{ 0.99996209144592, 0, -0.0087073389440775, 0, 0, 1, 0, 0, 0.0087073389440775, 0, 0.99996209144592, 0, 0, 0, 0, 1, },
		{ 0.99997574090958, 0, -0.0069659021683037, 0, 0, 1, 0, 0, 0.0069659021683037, 0, 0.99997574090958, 0, 0, 0, 0, 1, },
		{ 0.9999862909317, 0, -0.0052244458347559, 0, 0, 1, 0, 0, 0.0052244458347559, 0, 0.9999862909317, 0, 0, 0, 0, 1, },
		{ 0.99999392032623, 0, -0.003482973203063, 0, 0, 1, 0, 0, 0.003482973203063, 0, 0.99999392032623, 0, 0, 0, 0, 1, },
		{ 0.99999850988388, 0, -0.0017414888134226, 0, 0, 1, 0, 0, 0.0017414888134226, 0, 0.99999850988388, 0, 0, 0, 0, 1, },
		{ 1, 0, 0, 0, 0, 1, 0, 0, 0, 0, 1, 0, 0, 0, 0, 1, },
	},
}
end
