function data()
return {
	times = { 0, 41.667, 83.333, 125, 166.667, 208.333, 250, 291.667, 333.333, 375, 416.667, 458.333, 500, 541.667, 583.333, 625, 666.667, 708.333, 750, 791.667, 833.333, 875, 916.667, 958.333, 1000, 1041.667, 1083.333, 1125, 1166.667, 1208.333, 1250, 1291.667, 1333.333, 1375, 1416.667, 1458.333, 1500, 1541.667, 1583.333, 1625, 1666.667, 1708.333, 1750, 1791.667, 1833.333, 1875, 1916.667, 1958.333, 2000, 2041.667, 2083.333, 2125, 2166.667, 2208.333, 2250, 2291.667, 2333.333, 2375, 2416.667, 2458.333, 2500, 2541.667, 2583.333, 2625, 2666.667, 2708.333, 2750, 2791.667, 2833.333, 2875, 2916.667, 2958.333, 3000, 3041.667, 3083.333, 3125, 3166.667, 3250, 3291.667, 3333.333, 3375, 3416.667, 3458.333, 3500, 3541.667, 3583.333, 3625, 3666.667, 3708.333, 3750, 3791.667, 3833.333, 3875, 3916.667, 3958.333, 4000, 4041.667, 4083.333, 4125, 4166.667, },
	transfs = {
		{ 1, 0, 0, 0, 0, 1, 0, 0, 0, 0, 1, 0, 0, 0, 0, 1, },
		{ 0.99995386600494, 0, 0.0096017206087708, 0, 0, 1, 0, 0, -0.0096017206087708, 0, 0.99995386600494, 0, 0.00085662840865552, 0, 0, 1, },
		{ 0.99940532445908, 0, 0.034479461610317, 0, 0, 1, 0, 0, -0.034479461610317, 0, 0.99940532445908, 0, 0.001713256817311, 0, 0, 1, },
		{ 0.9976361989975, 0, 0.068717338144779, 0, 0, 1, 0, 0, -0.068717338144779, 0, 0.9976361989975, 0, 0.0025698852259666, 0, 0, 1, },
		{ 0.99432617425919, 0, 0.10637415200472, 0, 0, 1, 0, 0, -0.10637415200472, 0, 0.99432617425919, 0, 0.0034268188755959, 0, 0, 1, },
		{ 0.98993247747421, 0, 0.14154048264027, 0, 0, 1, 0, 0, -0.14154048264027, 0, 0.98993247747421, 0, 0.0042834472842515, 0, 0, 1, },
		{ 0.98549628257751, 0, 0.16969652473927, 0, 0, 1, 0, 0, -0.16969652473927, 0, 0.98549628257751, 0, 0.0051400754600763, 0, 0, 1, },
		{ 0.98148250579834, 0, 0.19155178964138, 0, 0, 1, 0, 0, -0.19155178964138, 0, 0.98148250579834, 0, 0.0059967041015625, 0, 0, 1, },
		{ 0.97789669036865, 0, 0.20908841490746, 0, 0, 1, 0, 0, -0.20908841490746, 0, 0.97789669036865, 0, 0.011945495381951, 0, 0, 1, },
		{ 0.97452968358994, 0, 0.22425854206085, 0, 0, 1, 0, 0, -0.22425854206085, 0, 0.97452968358994, 0, 0.018486328423023, 0, 0, 1, },
		{ 0.971022605896, 0, 0.23898743093014, 0, 0, 1, 0, 0, -0.23898743093014, 0, 0.971022605896, 0, 0.024587096646428, 0, 0, 1, },
		{ 0.96703320741653, 0, 0.25465035438538, 0, 0, 1, 0, 0, -0.25465035438538, 0, 0.96703320741653, 0, 0.029207458719611, 0, 0, 1, },
		{ 0.96271467208862, 0, 0.27051892876625, 0, 0, 1, 0, 0, -0.27051892876625, 0, 0.96271467208862, 0, 0.033827513456345, 0, 0, 1, },
		{ 0.95842087268829, 0, 0.28535842895508, 0, 0, 1, 0, 0, -0.28535842895508, 0, 0.95842087268829, 0, 0.038317259401083, 0, 0, 1, },
		{ 0.95457947254181, 0, 0.29795643687248, 0, 0, 1, 0, 0, -0.29795643687248, 0, 0.95457947254181, 0, 0.043828427791595, 0, 0, 1, },
		{ 0.95167112350464, 0, 0.30711901187897, 0, 0, 1, 0, 0, -0.30711901187897, 0, 0.95167112350464, 0, 0.051190182566643, 0, 0, 1, },
		{ 0.95002317428589, 0, 0.31217932701111, 0, 0, 1, 0, 0, -0.31217932701111, 0, 0.95002317428589, 0, 0.060802612453699, 0, 0, 1, },
		{ 0.94924503564835, 0, 0.31453755497932, 0, 0, 1, 0, 0, -0.31453755497932, 0, 0.94924503564835, 0, 0.071338802576065, 0, 0, 1, },
		{ 0.94872665405273, 0, 0.31609773635864, 0, 0, 1, 0, 0, -0.31609773635864, 0, 0.94872665405273, 0, 0.081041559576988, 0, 0, 1, },
		{ 0.9478365778923, 0, 0.31875652074814, 0, 0, 1, 0, 0, -0.31875652074814, 0, 0.9478365778923, 0, 0.088151849806309, 0, 0, 1, },
		{ 0.94591909646988, 0, 0.32440248131752, 0, 0, 1, 0, 0, -0.32440248131752, 0, 0.94591909646988, 0, 0.086373597383499, 0, 0, 1, },
		{ 0.94251614809036, 0, 0.33416050672531, 0, 0, 1, 0, 0, -0.33416050672531, 0, 0.94251614809036, 0, 0.084595032036304, 0, 0, 1, },
		{ 0.93817126750946, 0, 0.346171438694, 0, 0, 1, 0, 0, -0.346171438694, 0, 0.93817126750946, 0, 0.082816772162914, 0, 0, 1, },
		{ 0.93377417325974, 0, 0.3578627705574, 0, 0, 1, 0, 0, -0.3578627705574, 0, 0.93377417325974, 0, 0.081038512289524, 0, 0, 1, },
		{ 0.93033629655838, 0, 0.36670729517937, 0, 0, 1, 0, 0, -0.36670729517937, 0, 0.93033629655838, 0, 0.07652435451746, 0, 0, 1, },
		{ 0.92894816398621, 0, 0.37020972371101, 0, 0, 1, 0, 0, -0.37020972371101, 0, 0.92894816398621, 0, 0.072010189294815, 0, 0, 1, },
		{ 0.92909121513367, 0, 0.36985060572624, 0, 0, 1, 0, 0, -0.36985060572624, 0, 0.92909121513367, 0, 0.069939576089382, 0, 0, 1, },
		{ 0.92944818735123, 0, 0.36895269155502, 0, 0, 1, 0, 0, -0.36895269155502, 0, 0.92944818735123, 0, 0.067868955433369, 0, 0, 1, },
		{ 0.92991095781326, 0, 0.36778464913368, 0, 0, 1, 0, 0, -0.36778464913368, 0, 0.92991095781326, 0, 0.065798334777355, 0, 0, 1, },
		{ 0.93037223815918, 0, 0.36661618947983, 0, 0, 1, 0, 0, -0.36661618947983, 0, 0.93037223815918, 0, 0.062485046684742, 0, 0, 1, },
		{ 0.93072605133057, 0, 0.36571699380875, 0, 0, 1, 0, 0, -0.36571699380875, 0, 0.93072605133057, 0, 0.056750487536192, 0, 0, 1, },
		{ 0.93093532323837, 0, 0.36518397927284, 0, 0, 1, 0, 0, -0.36518397927284, 0, 0.93093532323837, 0, 0.048001099377871, 0, 0, 1, },
		{ 0.93123430013657, 0, 0.36442103981972, 0, 0, 1, 0, 0, -0.36442103981972, 0, 0.93123430013657, 0, 0.037585142999887, 0, 0, 1, },
		{ 0.93192225694656, 0, 0.36265790462494, 0, 0, 1, 0, 0, -0.36265790462494, 0, 0.93192225694656, 0, 0.027336729690433, 0, 0, 1, },
		{ 0.93329101800919, 0, 0.35912096500397, 0, 0, 1, 0, 0, -0.35912096500397, 0, 0.93329101800919, 0, 0.019090576097369, 0, 0, 1, },
		{ 0.93561232089996, 0, 0.35302916169167, 0, 0, 1, 0, 0, -0.35302916169167, 0, 0.93561232089996, 0, 0.016131285578012, 0, 0, 1, },
		{ 0.93984091281891, 0, 0.34161224961281, 0, 0, 1, 0, 0, -0.34161224961281, 0, 0.93984091281891, 0, 0.013172302395105, 0, 0, 1, },
		{ 0.94614785909653, 0, 0.32373484969139, 0, 0, 1, 0, 0, -0.32373484969139, 0, 0.94614785909653, 0, 0.012335204519331, 0, 0, 1, },
		{ 0.95360279083252, 0, 0.30106747150421, 0, 0, 1, 0, 0, -0.30106747150421, 0, 0.95360279083252, 0, 0.01149810757488, 0, 0, 1, },
		{ 0.96135270595551, 0, 0.27531984448433, 0, 0, 1, 0, 0, -0.27531984448433, 0, 0.96135270595551, 0, 0.010661010630429, 0, 0, 1, },
		{ 0.96869349479675, 0, 0.24825981259346, 0, 0, 1, 0, 0, -0.24825981259346, 0, 0.96869349479675, 0, 0.0098239136859775, 0, 0, 1, },
		{ 0.97518348693848, 0, 0.2213981449604, 0, 0, 1, 0, 0, -0.2213981449604, 0, 0.97518348693848, 0, 0.0089865112677217, 0, 0, 1, },
		{ 0.98080086708069, 0, 0.19501194357872, 0, 0, 1, 0, 0, -0.19501194357872, 0, 0.98080086708069, 0, 0.0081494143232703, 0, 0, 1, },
		{ 0.98560553789139, 0, 0.16906145215034, 0, 0, 1, 0, 0, -0.16906145215034, 0, 0.98560553789139, 0, 0.0073123169131577, 0, 0, 1, },
		{ 0.98964989185333, 0, 0.14350278675556, 0, 0, 1, 0, 0, -0.14350278675556, 0, 0.98964989185333, 0, 0.0064752195030451, 0, 0, 1, },
		{ 0.99297922849655, 0, 0.11828868836164, 0, 0, 1, 0, 0, -0.11828868836164, 0, 0.99297922849655, 0, 0.0056381225585938, 0, 0, 1, },
		{ 0.99563366174698, 0, 0.093345932662487, 0, 0, 1, 0, 0, -0.093345932662487, 0, 0.99563366174698, 0, 0.0020095824729651, 0, 0, 1, },
		{ 0.99765062332153, 0, 0.068506121635437, 0, 0, 1, 0, 0, -0.068506121635437, 0, 0.99765062332153, 0, -0.0016189574962482, 0, 0, 1, },
		{ 0.99905014038086, 0, 0.043575376272202, 0, 0, 1, 0, 0, -0.043575376272202, 0, 0.99905014038086, 0, -0.0047012330032885, 0, 0, 1, },
		{ 0.99983143806458, 0, 0.018358543515205, 0, 0, 1, 0, 0, -0.018358543515205, 0, 0.99983143806458, 0, -0.0077838134020567, 0, 0, 1, },
		{ 0.99997305870056, 0, -0.0073394482024014, 0, 0, 1, 0, 0, 0.0073394482024014, 0, 0.99997305870056, 0, -0.0084039308130741, 0, 0, 1, },
		{ 0.99943345785141, 0, -0.033655848354101, 0, 0, 1, 0, 0, 0.033655848354101, 0, 0.99943345785141, 0, -0.009024047292769, 0, 0, 1, },
		{ 0.99816823005676, 0, -0.060499884188175, 0, 0, 1, 0, 0, 0.060499884188175, 0, 0.99816823005676, 0, -0.0096438592299819, 0, 0, 1, },
		{ 0.99614495038986, 0, -0.087722510099411, 0, 0, 1, 0, 0, 0.087722510099411, 0, 0.99614495038986, 0, -0.010263976640999, 0, 0, 1, },
		{ 0.99334537982941, 0, -0.11517364531755, 0, 0, 1, 0, 0, 0.11517364531755, 0, 0.99334537982941, 0, -0.010884094052017, 0, 0, 1, },
		{ 0.98976546525955, 0, -0.14270316064358, 0, 0, 1, 0, 0, 0.14270316064358, 0, 0.98976546525955, 0, -0.011504211463034, 0, 0, 1, },
		{ 0.985475897789, 0, -0.16981491446495, 0, 0, 1, 0, 0, 0.16981491446495, 0, 0.985475897789, 0, -0.012124023400247, 0, 0, 1, },
		{ 0.98087459802628, 0, -0.19464084506035, 0, 0, 1, 0, 0, 0.19464084506035, 0, 0.98087459802628, 0, -0.012744139879942, 0, 0, 1, },
		{ 0.97661221027374, 0, -0.21500803530216, 0, 0, 1, 0, 0, 0.21500803530216, 0, 0.97661221027374, 0, -0.013364257290959, 0, 0, 1, },
		{ 0.97347724437714, 0, -0.22878378629684, 0, 0, 1, 0, 0, 0.22878378629684, 0, 0.97347724437714, 0, -0.019768675789237, 0, 0, 1, },
		{ 0.97227275371552, 0, -0.23384970426559, 0, 0, 1, 0, 0, 0.23384970426559, 0, 0.97227275371552, 0, -0.030238952487707, 0, 0, 1, },
		{ 0.97232031822205, 0, -0.23365165293217, 0, 0, 1, 0, 0, 0.23365165293217, 0, 0.97232031822205, 0, -0.04509948566556, 0, 0, 1, },
		{ 0.97236794233322, 0, -0.23345363140106, 0, 0, 1, 0, 0, 0.23345363140106, 0, 0.97236794233322, 0, -0.061971891671419, 0, 0, 1, },
		{ 0.97241538763046, 0, -0.23325558006763, 0, 0, 1, 0, 0, 0.23325558006763, 0, 0.97241538763046, 0, -0.077803649008274, 0, 0, 1, },
		{ 0.97245413064957, 0, -0.23309415578842, 0, 0, 1, 0, 0, 0.23309415578842, 0, 0.97245413064957, 0, -0.089541621506214, 0, 0, 1, },
		{ 0.97249281406403, 0, -0.23293276131153, 0, 0, 1, 0, 0, 0.23293276131153, 0, 0.97249281406403, 0, -0.088891752064228, 0, 0, 1, },
		{ 0.97144216299057, 0, -0.23727615177631, 0, 0, 1, 0, 0, 0.23727615177631, 0, 0.97144216299057, 0, -0.088241882622242, 0, 0, 1, },
		{ 0.96860331296921, 0, -0.24861110746861, 0, 0, 1, 0, 0, 0.24861110746861, 0, 0.96860331296921, 0, -0.087592005729675, 0, 0, 1, },
		{ 0.96441692113876, 0, -0.2643857896328, 0, 0, 1, 0, 0, 0.2643857896328, 0, 0.96441692113876, 0, -0.086942136287689, 0, 0, 1, },
		{ 0.95939618349075, 0, -0.28206199407578, 0, 0, 1, 0, 0, 0.28206199407578, 0, 0.95939618349075, 0, -0.086292266845703, 0, 0, 1, },
		{ 0.95420879125595, 0, -0.29914116859436, 0, 0, 1, 0, 0, 0.29914116859436, 0, 0.95420879125595, 0, -0.085642389953136, 0, 0, 1, },
		{ 0.94956523180008, 0, -0.31356933712959, 0, 0, 1, 0, 0, 0.31356933712959, 0, 0.94956523180008, 0, -0.08499252051115, 0, 0, 1, },
		{ 0.9457488656044, 0, -0.32489860057831, 0, 0, 1, 0, 0, 0.32489860057831, 0, 0.9457488656044, 0, -0.084342651069164, 0, 0, 1, },
		{ 0.94290059804916, 0, -0.33307400345802, 0, 0, 1, 0, 0, 0.33307400345802, 0, 0.94290059804916, 0, -0.081501767039299, 0, 0, 1, },
		{ 0.9411341547966, 0, -0.33803308010101, 0, 0, 1, 0, 0, 0.33803308010101, 0, 0.9411341547966, 0, -0.078660733997822, 0, 0, 1, },
		{ 0.9405323266983, 0, -0.33970394730568, 0, 0, 1, 0, 0, 0.33970394730568, 0, 0.9405323266983, 0, -0.075371854007244, 0, 0, 1, },
		{ 0.94062864780426, 0, -0.33943739533424, 0, 0, 1, 0, 0, 0.33943739533424, 0, 0.94062864780426, 0, -0.072082974016666, 0, 0, 1, },
		{ 0.94082087278366, 0, -0.33890426158905, 0, 0, 1, 0, 0, 0.33890426158905, 0, 0.94082087278366, 0, -0.064819946885109, 0, 0, 1, },
		{ 0.94121497869492, 0, -0.33780798316002, 0, 0, 1, 0, 0, 0.33780798316002, 0, 0.94121497869492, 0, -0.060951538383961, 0, 0, 1, },
		{ 0.9418620467186, 0, -0.33599960803986, 0, 0, 1, 0, 0, 0.33599960803986, 0, 0.9418620467186, 0, -0.057083282619715, 0, 0, 1, },
		{ 0.94282096624374, 0, -0.33329954743385, 0, 0, 1, 0, 0, 0.33329954743385, 0, 0.94282096624374, 0, -0.053083036094904, 0, 0, 1, },
		{ 0.94414621591568, 0, -0.32952672243118, 0, 0, 1, 0, 0, 0.32952672243118, 0, 0.94414621591568, 0, -0.049082793295383, 0, 0, 1, },
		{ 0.94588631391525, 0, -0.32449805736542, 0, 0, 1, 0, 0, 0.32449805736542, 0, 0.94588631391525, 0, -0.045056153088808, 0, 0, 1, },
		{ 0.9480813741684, 0, -0.31802776455879, 0, 0, 1, 0, 0, 0.31802776455879, 0, 0.9480813741684, 0, -0.04102935642004, 0, 0, 1, },
		{ 0.95076048374176, 0, -0.30992648005486, 0, 0, 1, 0, 0, 0.30992648005486, 0, 0.95076048374176, 0, -0.037081755697727, 0, 0, 1, },
		{ 0.9543354511261, 0, -0.29873704910278, 0, 0, 1, 0, 0, 0.29873704910278, 0, 0.9543354511261, 0, -0.033134154975414, 0, 0, 1, },
		{ 0.95878893136978, 0, -0.28411927819252, 0, 0, 1, 0, 0, 0.28411927819252, 0, 0.95878893136978, 0, -0.029371032491326, 0, 0, 1, },
		{ 0.96353775262833, 0, -0.26757237315178, 0, 0, 1, 0, 0, 0.26757237315178, 0, 0.96353775262833, 0, -0.025607910007238, 0, 0, 1, },
		{ 0.96808457374573, 0, -0.2506237924099, 0, 0, 1, 0, 0, 0.2506237924099, 0, 0.96808457374573, 0, -0.022134704515338, 0, 0, 1, },
		{ 0.97203636169434, 0, -0.23483045399189, 0, 0, 1, 0, 0, 0.23483045399189, 0, 0.97203636169434, 0, -0.018661804497242, 0, 0, 1, },
		{ 0.97524893283844, 0, -0.22110950946808, 0, 0, 1, 0, 0, 0.22110950946808, 0, 0.97524893283844, 0, -0.015583801083267, 0, 0, 1, },
		{ 0.97818738222122, 0, -0.20772404968739, 0, 0, 1, 0, 0, 0.20772404968739, 0, 0.97818738222122, 0, -0.01250549312681, 0, 0, 1, },
		{ 0.98134672641754, 0, -0.19224621355534, 0, 0, 1, 0, 0, 0.19224621355534, 0, 0.98134672641754, 0, -0.0100750727579, 0, 0, 1, },
		{ 0.9850589632988, 0, -0.17221723496914, 0, 0, 1, 0, 0, 0.17221723496914, 0, 0.9850589632988, 0, -0.0076449583284557, 0, 0, 1, },
		{ 0.98941093683243, 0, -0.14514108002186, 0, 0, 1, 0, 0, 0.14514108002186, 0, 0.98941093683243, 0, -0.0052145384252071, 0, 0, 1, },
		{ 0.99393743276596, 0, -0.10994648188353, 0, 0, 1, 0, 0, 0.10994648188353, 0, 0.99393743276596, 0, -0.0041717528365552, 0, 0, 1, },
		{ 0.99744462966919, 0, -0.071443438529968, 0, 0, 1, 0, 0, 0.071443438529968, 0, 0.99744462966919, 0, -0.0031286620069295, 0, 0, 1, },
		{ 0.99935138225555, 0, -0.036009356379509, 0, 0, 1, 0, 0, 0.036009356379509, 0, 0.99935138225555, 0, -0.0020858764182776, 0, 0, 1, },
		{ 0.99994933605194, 0, -0.010063465684652, 0, 0, 1, 0, 0, 0.010063465684652, 0, 0.99994933605194, 0, -0.0010427855886519, 0, 0, 1, },
		{ 1, 0, 0, 0, 0, 1, 0, 0, 0, 0, 1, 0, 0, 0, 0, 1, },
	},
}
end
