function data()
return {
	times = { 0, 41.667, 83.333, 125, 166.667, 208.333, 250, 291.667, 333.333, 375, 416.667, 458.333, 500, 541.667, 583.333, 625, 666.667, 708.333, 750, 791.667, 833.333, 875, 916.667, 958.333, 1000, 1041.667, 1083.333, 1125, 1208.333, 1250, 1291.667, 1333.333, 1375, 1416.667, 1458.333, 1500, 1541.667, 1583.333, 1625, 1666.667, 1708.333, 1750, 1791.667, 1833.333, 1875, 1916.667, 1958.333, 2000, 2041.667, 2083.333, 2125, 2166.667, 2208.333, 2250, 2291.667, 2333.333, 2375, 2416.667, 2458.333, 2500, 2541.667, 2583.333, 2625, 2666.667, 2708.333, 2750, 2791.667, 2833.333, 2875, 2916.667, 3041.667, 3083.333, 3125, 3166.667, 3208.333, 3250, 3291.667, 3333.333, 3375, 3416.667, 3458.333, 3500, 3541.667, 3583.333, 3625, 3666.667, 3708.333, 3750, 3791.667, 3833.333, 3875, 3916.667, 3958.333, 4000, 4041.667, 4083.333, 4125, 4166.667, },
	transfs = {
		{ 1, 0, 0, 0, 0, 1, 0, 0, 0, 0, 1, 0, 0, 0, 0, 1, },
		{ 0.99999988079071, 0, 0.00048027175944299, 0, 0, 1, 0, 0, -0.00048027175944299, 0, 0.99999988079071, 0, 0, 0, 0, 1, },
		{ 0.99999809265137, 0, 0.001952123013325, 0, 0, 1, 0, 0, -0.001952123013325, 0, 0.99999809265137, 0, 0, 0, 0, 1, },
		{ 0.99998998641968, 0, 0.0044621005654335, 0, 0, 1, 0, 0, -0.0044621005654335, 0, 0.99998998641968, 0, 0, 0, 0, 1, },
		{ 0.99996745586395, 0, 0.0080567132681608, 0, 0, 1, 0, 0, -0.0080567132681608, 0, 0.99996745586395, 0, 0, 0, 0, 1, },
		{ 0.99991828203201, 0, 0.012782387435436, 0, 0, 1, 0, 0, -0.012782387435436, 0, 0.99991828203201, 0, 0, 0, 0, 1, },
		{ 0.99982535839081, 0, 0.018685394898057, 0, 0, 1, 0, 0, -0.018685394898057, 0, 0.99982535839081, 0, 0, 0, 0, 1, },
		{ 0.99966675043106, 0, 0.025811724364758, 0, 0, 1, 0, 0, -0.025811724364758, 0, 0.99966675043106, 0, 0, 0, 0, 1, },
		{ 0.99941474199295, 0, 0.034206937998533, 0, 0, 1, 0, 0, -0.034206937998533, 0, 0.99941474199295, 0, 0, 0, 0, 1, },
		{ 0.99903523921967, 0, 0.043915990740061, 0, 0, 1, 0, 0, -0.043915990740061, 0, 0.99903523921967, 0, 0, 0, 0, 1, },
		{ 0.9984872341156, 0, 0.05498293414712, 0, 0, 1, 0, 0, -0.05498293414712, 0, 0.9984872341156, 0, 0, 0, 0, 1, },
		{ 0.99772793054581, 0, 0.067371167242527, 0, 0, 1, 0, 0, -0.067371167242527, 0, 0.99772793054581, 0, 0, 0, 0, 1, },
		{ 0.99673634767532, 0, 0.080725654959679, 0, 0, 1, 0, 0, -0.080725654959679, 0, 0.99673634767532, 0, 0, 0, 0, 1, },
		{ 0.9955141544342, 0, 0.094612061977386, 0, 0, 1, 0, 0, -0.094612061977386, 0, 0.9955141544342, 0, 0, 0, 0, 1, },
		{ 0.99408578872681, 0, 0.10859746485949, 0, 0, 1, 0, 0, -0.10859746485949, 0, 0.99408578872681, 0, 0, 0, 0, 1, },
		{ 0.99249917268753, 0, 0.12225102633238, 0, 0, 1, 0, 0, -0.12225102633238, 0, 0.99249917268753, 0, 0, 0, 0, 1, },
		{ 0.99082589149475, 0, 0.13514466583729, 0, 0, 1, 0, 0, -0.13514466583729, 0, 0.99082589149475, 0, 0, 0, 0, 1, },
		{ 0.98915815353394, 0, 0.14685389399529, 0, 0, 1, 0, 0, -0.14685389399529, 0, 0.98915815353394, 0, 0, 0, 0, 1, },
		{ 0.98760539293289, 0, 0.15695734322071, 0, 0, 1, 0, 0, -0.15695734322071, 0, 0.98760539293289, 0, 0, 0, 0, 1, },
		{ 0.98628747463226, 0, 0.1650365293026, 0, 0, 1, 0, 0, -0.1650365293026, 0, 0.98628747463226, 0, 0, 0, 0, 1, },
		{ 0.98532748222351, 0, 0.17067435383797, 0, 0, 1, 0, 0, -0.17067435383797, 0, 0.98532748222351, 0, 0, 0, 0, 1, },
		{ 0.98465049266815, 0, 0.17453767359257, 0, 0, 1, 0, 0, -0.17453767359257, 0, 0.98465049266815, 0, 0, 0, 0, 1, },
		{ 0.98409748077393, 0, 0.17762920260429, 0, 0, 1, 0, 0, -0.17762920260429, 0, 0.98409748077393, 0, 0, 0, 0, 1, },
		{ 0.98366004228592, 0, 0.18003575503826, 0, 0, 1, 0, 0, -0.18003575503826, 0, 0.98366004228592, 0, 0, 0, 0, 1, },
		{ 0.98332744836807, 0, 0.18184344470501, 0, 0, 1, 0, 0, -0.18184344470501, 0, 0.98332744836807, 0, 0, 0, 0, 1, },
		{ 0.98308706283569, 0, 0.18313838541508, 0, 0, 1, 0, 0, -0.18313838541508, 0, 0.98308706283569, 0, 0, 0, 0, 1, },
		{ 0.98292499780655, 0, 0.18400624394417, 0, 0, 1, 0, 0, -0.18400624394417, 0, 0.98292499780655, 0, 0, 0, 0, 1, },
		{ 0.98282641172409, 0, 0.18453253805637, 0, 0, 1, 0, 0, -0.18453253805637, 0, 0.98282641172409, 0, 0, 0, 0, 1, },
		{ 0.98275691270828, 0, 0.1849023848772, 0, 0, 1, 0, 0, -0.1849023848772, 0, 0.98275691270828, 0, 0, 0, 0, 1, },
		{ 0.98275423049927, 0, 0.18491657078266, 0, 0, 1, 0, 0, -0.18491657078266, 0, 0.98275423049927, 0, 0, 0, 0, 1, },
		{ 0.98292398452759, 0, 0.18401177227497, 0, 0, 1, 0, 0, -0.18401177227497, 0, 0.98292398452759, 0, 0, 0, 0, 1, },
		{ 0.98340147733688, 0, 0.18144246935844, 0, 0, 1, 0, 0, -0.18144246935844, 0, 0.98340147733688, 0, 0, 0, 0, 1, },
		{ 0.98413413763046, 0, 0.17742559313774, 0, 0, 1, 0, 0, -0.17742559313774, 0, 0.98413413763046, 0, 0, 0, 0, 1, },
		{ 0.98506593704224, 0, 0.1721775084734, 0, 0, 1, 0, 0, -0.1721775084734, 0, 0.98506593704224, 0, 0, 0, 0, 1, },
		{ 0.98614013195038, 0, 0.1659147143364, 0, 0, 1, 0, 0, -0.1659147143364, 0, 0.98614013195038, 0, 0, 0, 0, 1, },
		{ 0.98730206489563, 0, 0.15885415673256, 0, 0, 1, 0, 0, -0.15885415673256, 0, 0.98730206489563, 0, 0, 0, 0, 1, },
		{ 0.98850101232529, 0, 0.15121375024319, 0, 0, 1, 0, 0, -0.15121375024319, 0, 0.98850101232529, 0, 0, 0, 0, 1, },
		{ 0.9896919131279, 0, 0.14321230351925, 0, 0, 1, 0, 0, -0.14321230351925, 0, 0.9896919131279, 0, 0, 0, 0, 1, },
		{ 0.99083602428436, 0, 0.13507001101971, 0, 0, 1, 0, 0, -0.13507001101971, 0, 0.99083602428436, 0, 0, 0, 0, 1, },
		{ 0.99190163612366, 0, 0.12700797617435, 0, 0, 1, 0, 0, -0.12700797617435, 0, 0.99190163612366, 0, 0, 0, 0, 1, },
		{ 0.99286979436874, 0, 0.11920396983624, 0, 0, 1, 0, 0, -0.11920396983624, 0, 0.99286979436874, 0, 0, 0, 0, 1, },
		{ 0.99374651908875, 0, 0.11165918409824, 0, 0, 1, 0, 0, -0.11165918409824, 0, 0.99374651908875, 0, 0, 0, 0, 1, },
		{ 0.99454271793365, 0, 0.10433023422956, 0, 0, 1, 0, 0, -0.10433023422956, 0, 0.99454271793365, 0, 0, 0, 0, 1, },
		{ 0.99526745080948, 0, 0.097173571586609, 0, 0, 1, 0, 0, -0.097173571586609, 0, 0.99526745080948, 0, 0, 0, 0, 1, },
		{ 0.99592858552933, 0, 0.090145409107208, 0, 0, 1, 0, 0, -0.090145409107208, 0, 0.99592858552933, 0, 0, 0, 0, 1, },
		{ 0.99653273820877, 0, 0.083201736211777, 0, 0, 1, 0, 0, -0.083201736211777, 0, 0.99653273820877, 0, 0, 0, 0, 1, },
		{ 0.99708503484726, 0, 0.076298505067825, 0, 0, 1, 0, 0, -0.076298505067825, 0, 0.99708503484726, 0, 0, 0, 0, 1, },
		{ 0.99758952856064, 0, 0.069391503930092, 0, 0, 1, 0, 0, -0.069391503930092, 0, 0.99758952856064, 0, 0, 0, 0, 1, },
		{ 0.99804896116257, 0, 0.062436390668154, 0, 0, 1, 0, 0, -0.062436390668154, 0, 0.99804896116257, 0, 0, 0, 0, 1, },
		{ 0.99846488237381, 0, 0.055388819426298, 0, 0, 1, 0, 0, -0.055388819426298, 0, 0.99846488237381, 0, 0, 0, 0, 1, },
		{ 0.99883687496185, 0, 0.048217594623566, 0, 0, 1, 0, 0, -0.048217594623566, 0, 0.99883687496185, 0, 0, 0, 0, 1, },
		{ 0.99916142225266, 0, 0.040944583714008, 0, 0, 1, 0, 0, -0.040944583714008, 0, 0.99916142225266, 0, 0, 0, 0, 1, },
		{ 0.99943512678146, 0, 0.033604994416237, 0, 0, 1, 0, 0, -0.033604994416237, 0, 0.99943512678146, 0, 0, 0, 0, 1, },
		{ 0.99965584278107, 0, 0.026234053075314, 0, 0, 1, 0, 0, -0.026234053075314, 0, 0.99965584278107, 0, 0, 0, 0, 1, },
		{ 0.9998220205307, 0, 0.018867082893848, 0, 0, 1, 0, 0, -0.018867082893848, 0, 0.9998220205307, 0, 0, 0, 0, 1, },
		{ 0.99993336200714, 0, 0.011539399623871, 0, 0, 1, 0, 0, -0.011539399623871, 0, 0.99993336200714, 0, 0, 0, 0, 1, },
		{ 0.99999076128006, 0, 0.0042863292619586, 0, 0, 1, 0, 0, -0.0042863292619586, 0, 0.99999076128006, 0, 0, 0, 0, 1, },
		{ 0.99999588727951, 0, -0.0028568007983267, 0, 0, 1, 0, 0, 0.0028568007983267, 0, 0.99999588727951, 0, 0, 0, 0, 1, },
		{ 0.99995136260986, 0, -0.0098547078669071, 0, 0, 1, 0, 0, 0.0098547078669071, 0, 0.99995136260986, 0, 0, 0, 0, 1, },
		{ 0.99986100196838, 0, -0.016672154888511, 0, 0, 1, 0, 0, 0.016672154888511, 0, 0.99986100196838, 0, 0, 0, 0, 1, },
		{ 0.99972933530807, 0, -0.023264547809958, 0, 0, 1, 0, 0, 0.023264547809958, 0, 0.99972933530807, 0, 0, 0, 0, 1, },
		{ 0.99956327676773, 0, -0.029549784958363, 0, 0, 1, 0, 0, 0.029549784958363, 0, 0.99956327676773, 0, 0, 0, 0, 1, },
		{ 0.99937188625336, 0, -0.035436496138573, 0, 0, 1, 0, 0, 0.035436496138573, 0, 0.99937188625336, 0, 0, 0, 0, 1, },
		{ 0.99916589260101, 0, -0.040833424776793, 0, 0, 1, 0, 0, 0.040833424776793, 0, 0.99916589260101, 0, 0, 0, 0, 1, },
		{ 0.99895745515823, 0, -0.045649480074644, 0, 0, 1, 0, 0, 0.045649480074644, 0, 0.99895745515823, 0, 0, 0, 0, 1, },
		{ 0.99875944852829, 0, -0.049793679267168, 0, 0, 1, 0, 0, 0.049793679267168, 0, 0.99875944852829, 0, 0, 0, 0, 1, },
		{ 0.99858522415161, 0, -0.053175121545792, 0, 0, 1, 0, 0, 0.053175121545792, 0, 0.99858522415161, 0, 0, 0, 0, 1, },
		{ 0.99844735860825, 0, -0.055702991783619, 0, 0, 1, 0, 0, 0.055702991783619, 0, 0.99844735860825, 0, 0, 0, 0, 1, },
		{ 0.99835777282715, 0, -0.05728642642498, 0, 0, 1, 0, 0, 0.05728642642498, 0, 0.99835777282715, 0, 0, 0, 0, 1, },
		{ 0.99832618236542, 0, -0.057834431529045, 0, 0, 1, 0, 0, 0.057834431529045, 0, 0.99832618236542, 0, 0, 0, 0, 1, },
		{ 0.99833244085312, 0, -0.057726860046387, 0, 0, 1, 0, 0, 0.057726860046387, 0, 0.99833244085312, 0, 0, 0, 0, 1, },
		{ 0.99834090471268, 0, -0.057579442858696, 0, 0, 1, 0, 0, 0.057579442858696, 0, 0.99834090471268, 0, 0, 0, 0, 1, },
		{ 0.9983549118042, 0, -0.057336390018463, 0, 0, 1, 0, 0, 0.057336390018463, 0, 0.9983549118042, 0, 0, 0, 0, 1, },
		{ 0.99837565422058, 0, -0.056973781436682, 0, 0, 1, 0, 0, 0.056973781436682, 0, 0.99837565422058, 0, 0, 0, 0, 1, },
		{ 0.99840444326401, 0, -0.056467730551958, 0, 0, 1, 0, 0, 0.056467730551958, 0, 0.99840444326401, 0, 0, 0, 0, 1, },
		{ 0.9984422326088, 0, -0.055794283747673, 0, 0, 1, 0, 0, 0.055794283747673, 0, 0.9984422326088, 0, 0, 0, 0, 1, },
		{ 0.99849021434784, 0, -0.054929539561272, 0, 0, 1, 0, 0, 0.054929539561272, 0, 0.99849021434784, 0, 0, 0, 0, 1, },
		{ 0.99854898452759, 0, -0.053849548101425, 0, 0, 1, 0, 0, 0.053849548101425, 0, 0.99854898452759, 0, 0, 0, 0, 1, },
		{ 0.9986475110054, 0, -0.051991414278746, 0, 0, 1, 0, 0, 0.051991414278746, 0, 0.9986475110054, 0, 0, 0, 0, 1, },
		{ 0.99880135059357, 0, -0.048946112394333, 0, 0, 1, 0, 0, 0.048946112394333, 0, 0.99880135059357, 0, 0, 0, 0, 1, },
		{ 0.99899059534073, 0, -0.044920418411493, 0, 0, 1, 0, 0, 0.044920418411493, 0, 0.99899059534073, 0, 0, 0, 0, 1, },
		{ 0.99919474124908, 0, -0.040121156722307, 0, 0, 1, 0, 0, 0.040121156722307, 0, 0.99919474124908, 0, 0, 0, 0, 1, },
		{ 0.99939584732056, 0, -0.034755378961563, 0, 0, 1, 0, 0, 0.034755378961563, 0, 0.99939584732056, 0, 0, 0, 0, 1, },
		{ 0.99957853555679, 0, -0.029030296951532, 0, 0, 1, 0, 0, 0.029030296951532, 0, 0.99957853555679, 0, 0, 0, 0, 1, },
		{ 0.99973183870316, 0, -0.023153360933065, 0, 0, 1, 0, 0, 0.023153360933065, 0, 0.99973183870316, 0, 0, 0, 0, 1, },
		{ 0.99984973669052, 0, -0.01733217574656, 0, 0, 1, 0, 0, 0.01733217574656, 0, 0.99984973669052, 0, 0, 0, 0, 1, },
		{ 0.99993067979813, 0, -0.011774440295994, 0, 0, 1, 0, 0, 0.011774440295994, 0, 0.99993067979813, 0, 0, 0, 0, 1, },
		{ 0.99997764825821, 0, -0.0066878846846521, 0, 0, 1, 0, 0, 0.0066878846846521, 0, 0.99997764825821, 0, 0, 0, 0, 1, },
		{ 0.99999737739563, 0, -0.0022641175892204, 0, 0, 1, 0, 0, 0.0022641175892204, 0, 0.99999737739563, 0, 0, 0, 0, 1, },
		{ 0.99999904632568, 0, 0.0013697107788175, 0, 0, 1, 0, 0, -0.0013697107788175, 0, 0.99999904632568, 0, 0, 0, 0, 1, },
		{ 0.99999159574509, 0, 0.0041026254184544, 0, 0, 1, 0, 0, -0.0041026254184544, 0, 0.99999159574509, 0, 0, 0, 0, 1, },
		{ 0.99998301267624, 0, 0.0058237048797309, 0, 0, 1, 0, 0, -0.0058237048797309, 0, 0.99998301267624, 0, 0, 0, 0, 1, },
		{ 0.99997937679291, 0, 0.0064220447093248, 0, 0, 1, 0, 0, -0.0064220447093248, 0, 0.99997937679291, 0, 0, 0, 0, 1, },
		{ 0.99998342990875, 0, 0.0057541583664715, 0, 0, 1, 0, 0, -0.0057541583664715, 0, 0.99998342990875, 0, 0, 0, 0, 1, },
		{ 0.99999129772186, 0, 0.0041615003719926, 0, 0, 1, 0, 0, -0.0041615003719926, 0, 0.99999129772186, 0, 0, 0, 0, 1, },
		{ 0.99999737739563, 0, 0.002260573906824, 0, 0, 1, 0, 0, -0.002260573906824, 0, 0.99999737739563, 0, 0, 0, 0, 1, },
		{ 0.99999970197678, 0, 0.00066789746051654, 0, 0, 1, 0, 0, -0.00066789746051654, 0, 0.99999970197678, 0, 0, 0, 0, 1, },
		{ 1, 0, 0, 0, 0, 1, 0, 0, 0, 0, 1, 0, 0, 0, 0, 1, },
	},
}
end
