function data()
return {
	times = { 0, 41.667, 83.333, 125, 166.667, 208.333, 250, 291.667, 333.333, 375, 416.667, 458.333, 500, 541.667, 583.333, 625, 666.667, 708.333, 750, 791.667, 833.333, 875, 916.667, 958.333, 1000, 1041.667, 1083.333, 1125, 1166.667, 1208.333, 1250, 1291.667, 1333.333, 1375, 1416.667, 1458.333, 1500, 1541.667, 1583.333, 1625, 1666.667, 1708.333, 1750, 1791.667, 1833.333, 1875, 1916.667, 1958.333, 2000, 2083.333, 2125, 2166.667, 2208.333, 2250, 2291.667, 2333.333, 2375, 2416.667, 2458.333, 2500, 2541.667, 2583.333, 2625, 2666.667, 2708.333, 2750, 2791.667, 2833.333, 2875, 2916.667, 2958.333, 3000, 3041.667, 3083.333, 3125, 3166.667, 3208.333, 3250, 3291.667, 3333.333, 3375, 3416.667, 3458.333, 3500, 3541.667, 3583.333, 3625, 3666.667, 3708.333, 3750, 3791.667, 3833.333, 3875, 3916.667, 3958.333, 4000, 4041.667, 4083.333, 4125, 4166.667, },
	transfs = {
		{ 1, 0, 0, 0, 0, 1, 0, 0, 0, 0, 1, 0, 0, 0, 0, 1, },
		{ 0.99999976158142, 0.00055576075101271, -9.0544918784907e-11, 0, -0.00055576075101271, 0.99999976158142, 2.8421709430404e-14, 0, 9.0544918784907e-11, 2.8421709430404e-14, 1, 0, 0, 0, 0, 1, },
		{ 0.99999737739563, 0.0022547128610313, -3.6733935337985e-10, 0, -0.0022547128610313, 0.99999737739563, 4.1211478674086e-13, 0, 3.6733935337985e-10, 4.2632561435101e-13, 1, 0, 0, 0, 0, 1, },
		{ 0.99998676776886, 0.0051443497650325, -8.3812096152158e-10, 0, -0.0051443497650325, 0.99998676776886, 2.1600499167107e-12, 0, 8.3812096152158e-10, 2.1600499167107e-12, 1, 0, 0, 0, 0, 1, },
		{ 0.99995702505112, 0.0092721106484532, -1.5106185191627e-09, 0, -0.0092721106484532, 0.99995702505112, 7.0059509409137e-12, 0, 1.5106185191627e-09, 7.0059509409137e-12, 1, 0, 0, 0, 0, 1, },
		{ 0.99989211559296, 0.014685306698084, -2.3925401659852e-09, 0, -0.014685306698084, 0.99989211559296, 1.756461642799e-11, 0, 2.3925401659852e-09, 1.7578827282705e-11, 1, 0, 0, 0, 0, 1, },
		{ 0.99977028369904, 0.021431023254991, -3.491557043489e-09, 0, -0.021431023254991, 0.99977028369904, 3.7417180465127e-11, 0, 3.491557043489e-09, 3.7417180465127e-11, 1, 0, 0, 0, 0, 1, },
		{ 0.9995630979538, 0.029555920511484, -4.8152712928129e-09, 0, -0.029555920511484, 0.9995630979538, 7.1167960413732e-11, 0, 4.8152708487237e-09, 7.1182171268447e-11, 1, 0, 0, 0, 0, 1, },
		{ 0.9992350935936, 0.03910605609417, -6.371185357068e-09, 0, -0.03910605609417, 0.9992350935936, 1.2461497111982e-10, 0, 6.371185357068e-09, 1.2462919585232e-10, 1, 0, 0, 0, 0, 1, },
		{ 0.99874287843704, 0.0501265861094, -8.1666575724171e-09, 0, -0.0501265861094, 0.99874287843704, 2.0480683815549e-10, 0, 8.1666575724171e-09, 2.0482103513242e-10, 1, 0, 0, 0, 0, 1, },
		{ 0.99803477525711, 0.06266138702631, -1.0208836442871e-08, 0, -0.06266138702631, 0.99803477525711, 3.2017052897793e-10, 0, 1.0208835554693e-08, 3.2017052897793e-10, 1, 0, 0, 0, 0, 1, },
		{ 0.99705243110657, 0.076722100377083, -1.2499618229356e-08, 0, -0.076722100377083, 0.99705243110657, 4.8021320253611e-10, 0, 1.2499618229356e-08, 4.8021320253611e-10, 1, 0, 0, 0, 0, 1, },
		{ 0.99574077129364, 0.092196866869926, -1.5020777510699e-08, 0, -0.092196866869926, 0.99574077129364, 6.9391603574331e-10, 0, 1.5020775734342e-08, 6.9391603574331e-10, 1, 0, 0, 0, 0, 1, },
		{ 0.99404817819595, 0.10894154012203, -1.7748831737663e-08, 0, -0.10894154012203, 0.99404817819595, 9.6967767149181e-10, 0, 1.7748829961306e-08, 9.6967767149181e-10, 1, 0, 0, 0, 0, 1, },
		{ 0.99192690849304, 0.12681034207344, -2.0660028354769e-08, 0, -0.12681034207344, 0.99192690849304, 1.3152572364561e-09, 0, 2.0660028354769e-08, 1.3152714473108e-09, 1, 0, 0, 0, 0, 1, },
		{ 0.98933529853821, 0.14565609395504, -2.3730390097398e-08, 0, -0.14565609395504, 0.98933529853821, 1.7375042515866e-09, 0, 2.3730386544685e-08, 1.7375042515866e-09, 1, 0, 0, 0, 0, 1, },
		{ 0.98623830080032, 0.16533011198044, -2.6935698116404e-08, 0, -0.16533011198044, 0.98623830080032, 2.2420607592721e-09, 0, 2.693569456369e-08, 2.2420749701269e-09, 1, 0, 0, 0, 0, 1, },
		{ 0.9826095700264, 0.18568336963654, -3.0251662508363e-08, 0, -0.18568336963654, 0.9826095700264, 2.8332465262793e-09, 0, 3.0251662508363e-08, 2.833260737134e-09, 1, 0, 0, 0, 0, 1, },
		{ 0.97843259572983, 0.20656622946262, -3.3653911657439e-08, 0, -0.20656622946262, 0.97843259572983, 3.5137757148362e-09, 0, 3.3653908104725e-08, 3.5137757148362e-09, 1, 0, 0, 0, 0, 1, },
		{ 0.97370100021362, 0.22782947123051, -3.7118134343928e-08, 0, -0.22782947123051, 0.97370100021362, 4.284643750907e-09, 0, 3.7118130791214e-08, 4.284643750907e-09, 1, 0, 0, 0, 0, 1, },
		{ 0.96841984987259, 0.24932491779327, -4.0620186325668e-08, 0, -0.24932491779327, 0.96841984987259, 5.1450541604936e-09, 0, 4.0620186325668e-08, 5.1450541604936e-09, 1, 0, 0, 0, 0, 1, },
		{ 0.96260148286819, 0.27092126011848, -4.4138676713601e-08, 0, -0.27092126011848, 0.96260148286819, 6.0929892242712e-09, 0, 4.4138676713601e-08, 6.0929892242712e-09, 1, 0, 0, 0, 0, 1, },
		{ 0.95625019073486, 0.29255011677742, -4.7662464197629e-08, 0, -0.29255011677742, 0.95625019073486, 7.1277526103586e-09, 0, 4.7662457092201e-08, 7.1277526103586e-09, 1, 0, 0, 0, 0, 1, },
		{ 0.94937038421631, 0.31415876746178, -5.118296186879e-08, 0, -0.31415876746178, 0.94937038421631, 8.2486053543107e-09, 0, 5.118296186879e-08, 8.2486053543107e-09, 1, 0, 0, 0, 0, 1, },
		{ 0.94197046756744, 0.3356956243515, -5.4691756901093e-08, 0, -0.3356956243515, 0.94197046756744, 9.4541974249296e-09, 0, 5.4691756901093e-08, 9.4542116357843e-09, 1, 0, 0, 0, 0, 1, },
		{ 0.93406242132187, 0.35710963606834, -5.8180543049957e-08, 0, -0.35710963606834, 0.93406242132187, 1.0742581935119e-08, 0, 5.8180543049957e-08, 1.0742596145974e-08, 1, 0, 0, 0, 0, 1, },
		{ 0.92566215991974, 0.37835106253624, -6.1641216575481e-08, 0, -0.37835106253624, 0.92566215991974, 1.2111171621143e-08, 0, 6.1641216575481e-08, 1.2111171621143e-08, 1, 0, 0, 0, 0, 1, },
		{ 0.9167891740799, 0.39937156438828, -6.5065890453297e-08, 0, -0.39937156438828, 0.9167891740799, 1.3556770817047e-08, 0, 6.5065890453297e-08, 1.3556770817047e-08, 1, 0, 0, 0, 0, 1, },
		{ 0.90746647119522, 0.42012441158295, -6.844695832342e-08, 0, -0.42012441158295, 0.90746647119522, 1.5075613646331e-08, 0, 6.8446951217993e-08, 1.5075626080829e-08, 1, 0, 0, 0, 0, 1, },
		{ 0.89772093296051, 0.44056460261345, -7.1777087384817e-08, 0, -0.44056460261345, 0.89772093296051, 1.6663378232806e-08, 0, 7.1777080279389e-08, 1.6663378232806e-08, 1, 0, 0, 0, 0, 1, },
		{ 0.8875824213028, 0.46064886450768, -7.5049229053548e-08, 0, -0.46064886450768, 0.8875824213028, 1.8315134298064e-08, 0, 7.5049229053548e-08, 1.8315148508918e-08, 1, 0, 0, 0, 0, 1, },
		{ 0.87709414958954, 0.48031848669052, -7.825381942439e-08, 0, -0.48031848669052, 0.87709414958954, 2.0023902536082e-08, 0, 7.8253812318962e-08, 2.0023902536082e-08, 1, 0, 0, 0, 0, 1, },
		{ 0.8663444519043, 0.4994470179081, -8.1370252758006e-08, 0, -0.4994470179081, 0.8663444519043, 2.177525004754e-08, 0, 8.1370245652579e-08, 2.1775264258395e-08, 1, 0, 0, 0, 0, 1, },
		{ 0.85544276237488, 0.51789736747742, -8.4376196696212e-08, 0, -0.51789736747742, 0.85544276237488, 2.3551363526053e-08, 0, 8.4376189590785e-08, 2.3551363526053e-08, 1, 0, 0, 0, 0, 1, },
		{ 0.84450942277908, 0.53554058074951, -8.7250640490311e-08, 0, -0.53554058074951, 0.84450942277908, 2.5332624886687e-08, 0, 8.7250640490311e-08, 2.5332624886687e-08, 1, 0, 0, 0, 0, 1, },
		{ 0.83367478847504, 0.55225563049316, -8.9973873684812e-08, 0, -0.55225563049316, 0.83367478847504, 2.7097810217924e-08, 0, 8.9973873684812e-08, 2.7097826205136e-08, 1, 0, 0, 0, 0, 1, },
		{ 0.82307726144791, 0.56792944669724, -9.2527457695724e-08, 0, -0.56792944669724, 0.82307726144791, 2.8824373998759e-08, 0, 9.2527443484869e-08, 2.8824373998759e-08, 1, 0, 0, 0, 0, 1, },
		{ 0.81286245584488, 0.58245569467545, -9.4894083702002e-08, 0, -0.58245569467545, 0.81286245584488, 3.0488578772747e-08, 0, 9.4894069491147e-08, 3.0488578772747e-08, 1, 0, 0, 0, 0, 1, },
		{ 0.80318105220795, 0.59573489427567, -9.7057537118417e-08, 0, -0.59573489427567, 0.80318105220795, 3.2065884170152e-08, 0, 9.7057537118417e-08, 3.2065884170152e-08, 1, 0, 0, 0, 0, 1, },
		{ 0.79418706893921, 0.60767328739166, -9.9002548381577e-08, 0, -0.60767328739166, 0.79418706893921, 3.3531179610691e-08, 0, 9.9002548381577e-08, 3.3531179610691e-08, 1, 0, 0, 0, 0, 1, },
		{ 0.78603655099869, 0.6181800365448, -1.007143168863e-07, 0, -0.6181800365448, 0.78603655099869, 3.4859066744275e-08, 0, 1.007143168863e-07, 3.4859084507843e-08, 1, 0, 0, 0, 0, 1, },
		{ 0.77885591983795, 0.62720286846161, -1.0218431611975e-07, 0, -0.62720286846161, 0.77885591983795, 3.6028950489708e-08, 0, 1.0218431611975e-07, 3.6028950489708e-08, 1, 0, 0, 0, 0, 1, },
		{ 0.77265065908432, 0.63483136892319, -1.0342715484057e-07, 0, -0.63483136892319, 0.77265065908432, 3.7039896483293e-08, 0, 1.0342715484057e-07, 3.7039910694148e-08, 1, 0, 0, 0, 0, 1, },
		{ 0.76738733053207, 0.64118373394012, -1.0446209586235e-07, 0, -0.64118373394012, 0.76738733053207, 3.7897407878518e-08, 0, 1.0446209586235e-07, 3.7897407878518e-08, 1, 0, 0, 0, 0, 1, },
		{ 0.76302289962769, 0.6463714838028, -1.0530728644653e-07, 0, -0.6463714838028, 0.76302289962769, 3.8608476415902e-08, 0, 1.0530727223568e-07, 3.8608476415902e-08, 1, 0, 0, 0, 0, 1, },
		{ 0.759506046772, 0.65050023794174, -1.0597993593819e-07, 0, -0.65050023794174, 0.759506046772, 3.9181443867164e-08, 0, 1.0597993593819e-07, 3.9181443867164e-08, 1, 0, 0, 0, 0, 1, },
		{ 0.75677913427353, 0.65367060899734, -1.0649646497995e-07, 0, -0.65367060899734, 0.75677913427353, 3.9625703607271e-08, 0, 1.0649646497995e-07, 3.9625703607271e-08, 1, 0, 0, 0, 0, 1, },
		{ 0.75477921962738, 0.65597891807556, -1.0687253393371e-07, 0, -0.65597891807556, 0.75477921962738, 3.9951540742322e-08, 0, 1.0687253393371e-07, 3.9951540742322e-08, 1, 0, 0, 0, 0, 1, },
		{ 0.75343918800354, 0.6575174331665, -1.0712319920003e-07, 0, -0.6575174331665, 0.75343918800354, 4.0169851445171e-08, 0, 1.0712319920003e-07, 4.0169851445171e-08, 1, 0, 0, 0, 0, 1, },
		{ 0.75245529413223, 0.65864330530167, -1.0730661870184e-07, 0, -0.65864330530167, 0.75245529413223, 4.0330149886358e-08, 0, 1.0730661870184e-07, 4.0330164097213e-08, 1, 0, 0, 0, 0, 1, },
		{ 0.75324708223343, 0.65773755311966, -1.0715906029191e-07, 0, -0.65773755311966, 0.75324708223343, 4.0201157958109e-08, 0, 1.0715906029191e-07, 4.0201157958109e-08, 1, 0, 0, 0, 0, 1, },
		{ 0.75555050373077, 0.65509039163589, -1.0672776795673e-07, 0, -0.65509039163589, 0.75555050373077, 3.9825863495935e-08, 0, 1.0672776795673e-07, 3.9825877706789e-08, 1, 0, 0, 0, 0, 1, },
		{ 0.75924968719482, 0.65079939365387, -1.0602868627529e-07, 0, -0.65079939365387, 0.75924968719482, 3.9223209569172e-08, 0, 1.0602868627529e-07, 3.9223209569172e-08, 1, 0, 0, 0, 0, 1, },
		{ 0.76421999931335, 0.64495557546616, -1.0507661585279e-07, 0, -0.64495557546616, 0.76421999931335, 3.8413432434936e-08, 0, 1.0507660164194e-07, 3.8413443093077e-08, 1, 0, 0, 0, 0, 1, },
		{ 0.77033054828644, 0.63764476776123, -1.0388551174856e-07, 0, -0.63764476776123, 0.77033054828644, 3.7417905218717e-08, 0, 1.0388552595941e-07, 3.7417905218717e-08, 1, 0, 0, 0, 0, 1, },
		{ 0.77744561433792, 0.62895011901855, -1.0246898085597e-07, 0, -0.62895011901855, 0.77744561433792, 3.6258697377889e-08, 0, 1.0246898085597e-07, 3.6258711588744e-08, 1, 0, 0, 0, 0, 1, },
		{ 0.7854271531105, 0.6189541220665, -1.0084042401104e-07, 0, -0.6189541220665, 0.7854271531105, 3.4958361538884e-08, 0, 1.0084042401104e-07, 3.4958361538884e-08, 1, 0, 0, 0, 0, 1, },
		{ 0.79413568973541, 0.60774034261703, -9.901348363428e-08, 0, -0.60774034261703, 0.79413568973541, 3.3539549804118e-08, 0, 9.9013476528853e-08, 3.3539549804118e-08, 1, 0, 0, 0, 0, 1, },
		{ 0.80343323945999, 0.59539473056793, -9.7002128995882e-08, 0, -0.59539473056793, 0.80343323945999, 3.2024786378315e-08, 0, 9.7002114785028e-08, 3.2024786378315e-08, 1, 0, 0, 0, 0, 1, },
		{ 0.81318384408951, 0.58200681209564, -9.4820940432783e-08, 0, -0.58200681209564, 0.81318384408951, 3.0436211773122e-08, 0, 9.4820940432783e-08, 3.0436211773122e-08, 1, 0, 0, 0, 0, 1, },
		{ 0.82326102256775, 0.5676628947258, -9.2484029323714e-08, 0, -0.5676628947258, 0.82326102256775, 2.8794429951517e-08, 0, 9.2484029323714e-08, 2.8794429951517e-08, 1, 0, 0, 0, 0, 1, },
		{ 0.83356618881226, 0.5524195432663, -9.0000568775395e-08, 0, -0.5524195432663, 0.83356618881226, 2.7115504508402e-08, 0, 9.000055456454e-08, 2.7115504508402e-08, 1, 0, 0, 0, 0, 1, },
		{ 0.84400939941406, 0.53632837533951, -8.7378978719244e-08, 0, -0.53632837533951, 0.84400939941406, 2.5414095716769e-08, 0, 8.7378978719244e-08, 2.5414095716769e-08, 1, 0, 0, 0, 0, 1, },
		{ 0.85450357198715, 0.51944553852081, -8.4628418051125e-08, 0, -0.51944553852081, 0.85450357198715, 2.3704371798772e-08, 0, 8.4628418051125e-08, 2.3704387785983e-08, 1, 0, 0, 0, 0, 1, },
		{ 0.864965736866, 0.50183093547821, -8.1758635417373e-08, 0, -0.50183093547821, 0.864965736866, 2.1999881028023e-08, 0, 8.1758635417373e-08, 2.1999881028023e-08, 1, 0, 0, 0, 0, 1, },
		{ 0.87531709671021, 0.48354929685593, -7.8780189483041e-08, 0, -0.48354929685593, 0.87531709671021, 2.0313422055551e-08, 0, 7.8780182377614e-08, 2.0313422055551e-08, 1, 0, 0, 0, 0, 1, },
		{ 0.88548415899277, 0.46466943621635, -7.570426419079e-08, 0, -0.46466943621635, 0.88548415899277, 1.8656990619093e-08, 0, 7.570426419079e-08, 1.8656990619093e-08, 1, 0, 0, 0, 0, 1, },
		{ 0.89539885520935, 0.44526499509811, -7.2542874818282e-08, 0, -0.44526499509811, 0.89539885520935, 1.704168539618e-08, 0, 7.2542874818282e-08, 1.7041697830678e-08, 1, 0, 0, 0, 0, 1, },
		{ 0.90499901771545, 0.42541360855103, -6.9308683237068e-08, 0, -0.42541360855103, 0.90499901771545, 1.547762451537e-08, 0, 6.9308676131641e-08, 1.547762451537e-08, 1, 0, 0, 0, 0, 1, },
		{ 0.91422933340073, 0.40519711375237, -6.6014997912589e-08, 0, -0.40519711375237, 0.91422933340073, 1.3973817658552e-08, 0, 6.6014997912589e-08, 1.3973817658552e-08, 1, 0, 0, 0, 0, 1, },
		{ 0.92304646968842, 0.38468849658966, -6.2673713330241e-08, 0, -0.38468849658966, 0.92304646968842, 1.2537326732343e-08, 0, 6.2673713330241e-08, 1.2537326732343e-08, 1, 0, 0, 0, 0, 1, },
		{ 0.93143314123154, 0.36391246318817, -5.9288868925478e-08, 0, -0.36391246318817, 0.93143314123154, 1.1170953939654e-08, 0, 5.928886182005e-08, 1.1170967262331e-08, 1, 0, 0, 0, 0, 1, },
		{ 0.9393784403801, 0.34288203716278, -5.5862575010224e-08, 0, -0.34288203716278, 0.9393784403801, 9.8765013945012e-09, 0, 5.5862575010224e-08, 9.8765013945012e-09, 1, 0, 0, 0, 0, 1, },
		{ 0.94687211513519, 0.32161033153534, -5.2396970318114e-08, 0, -0.32161033153534, 0.94687211513519, 8.6556326550635e-09, 0, 5.2396977423541e-08, 8.6556326550635e-09, 1, 0, 0, 0, 0, 1, },
		{ 0.95390427112579, 0.30011108517647, -4.8894303716907e-08, 0, -0.30011108517647, 0.95390427112579, 7.5099526597455e-09, 0, 4.8894303716907e-08, 7.5099526597455e-09, 1, 0, 0, 0, 0, 1, },
		{ 0.96046561002731, 0.27839860320091, -4.5356891575921e-08, 0, -0.27839860320091, 0.96046561002731, 6.4409699795931e-09, 0, 4.5356891575921e-08, 6.4409699795931e-09, 1, 0, 0, 0, 0, 1, },
		{ 0.9665475487709, 0.25648745894432, -4.1787114213321e-08, 0, -0.25648745894432, 0.9665475487709, 5.4500901569554e-09, 0, 4.1787110660607e-08, 5.4501043678101e-09, 1, 0, 0, 0, 0, 1, },
		{ 0.97214210033417, 0.23439233005047, -3.8187362605413e-08, 0, -0.23439233005047, 0.97214210033417, 4.5386343572318e-09, 0, 3.8187359052699e-08, 4.5386343572318e-09, 1, 0, 0, 0, 0, 1, },
		{ 0.97724169492722, 0.21212875843048, -3.4560162731623e-08, 0, -0.21212875843048, 0.97724169492722, 3.7077823034082e-09, 0, 3.4560162731623e-08, 3.7077965142629e-09, 1, 0, 0, 0, 0, 1, },
		{ 0.98183977603912, 0.1897119730711, -3.0908005044239e-08, 0, -0.1897119730711, 0.98183977603912, 2.9586715299956e-09, 0, 3.0908005044239e-08, 2.9586857408503e-09, 1, 0, 0, 0, 0, 1, },
		{ 0.98592042922974, 0.16721531748772, -2.724283376665e-08, 0, -0.16721531748772, 0.98592042922974, 2.2938591026644e-09, 0, 2.7242830213936e-08, 2.2938591026644e-09, 1, 0, 0, 0, 0, 1, },
		{ 0.98944008350372, 0.1449426561594, -2.3614155963969e-08, 0, -0.1449426561594, 0.98944008350372, 1.7204229152412e-09, 0, 2.3614155963969e-08, 1.7204371260959e-09, 1, 0, 0, 0, 0, 1, },
		{ 0.99237447977066, 0.12325913459063, -2.0081461826749e-08, 0, -0.12325913459063, 0.99237447977066, 1.2423413409124e-09, 0, 2.0081461826749e-08, 1.2423555517671e-09, 1, 0, 0, 0, 0, 1, },
		{ 0.99472969770432, 0.1025322675705, -1.6704628791331e-08, 0, -0.1025322675705, 0.99472969770432, 8.5864820809078e-10, 0, 1.6704627014974e-08, 8.5864820809078e-10, 1, 0, 0, 0, 0, 1, },
		{ 0.99653869867325, 0.083130314946175, -1.3543647980896e-08, 0, -0.083130314946175, 0.99653869867325, 5.6391508129749e-10, 0, 1.3543647980896e-08, 5.6392934766336e-10, 1, 0, 0, 0, 0, 1, },
		{ 0.99785774946213, 0.065420590341091, -1.0658367521899e-08, 0, -0.065420590341091, 0.99785774946213, 3.4901859180536e-10, 0, 1.065836663372e-08, 3.4901859180536e-10, 1, 0, 0, 0, 0, 1, },
		{ 0.99876075983047, 0.04976823553443, -8.1082740521765e-09, 0, -0.04976823553443, 0.99876075983047, 2.0189359906109e-10, 0, 8.1082740521765e-09, 2.0189359906109e-10, 1, 0, 0, 0, 0, 1, },
		{ 0.99933230876923, 0.036535810679197, -5.9524394302457e-09, 0, -0.036535810679197, 0.99933230876923, 1.0876988199016e-10, 0, 5.9524385420673e-09, 1.0878408590598e-10, 1, 0, 0, 0, 0, 1, },
		{ 0.99965977668762, 0.026082934811711, -4.2494496810264e-09, 0, -0.026082934811711, 0.99965977668762, 5.5422333389288e-11, 0, 4.2494496810264e-09, 5.5436540774556e-11, 1, 0, 0, 0, 0, 1, },
		{ 0.99982386827469, 0.018766738474369, -3.0574900389269e-09, 0, -0.018766738474369, 0.99982386827469, 2.8691713935269e-11, 0, 3.0574900389269e-09, 2.8691713935269e-11, 1, 0, 0, 0, 0, 1, },
		{ 0.99990636110306, 0.013681332580745, -2.2289721179902e-09, 0, -0.013681332580745, 0.99990636110306, 1.5248247109412e-11, 0, 2.2289718959456e-09, 1.5248247109412e-11, 1, 0, 0, 0, 0, 1, },
		{ 0.9999538064003, 0.0096089886501431, -1.5655030605188e-09, 0, -0.0096089886501431, 0.9999538064003, 7.5317529990571e-12, 0, 1.5655029494965e-09, 7.5317529990571e-12, 1, 0, 0, 0, 0, 1, },
		{ 0.99997919797897, 0.0064373277127743, -1.0487738455467e-09, 0, -0.0064373277127743, 0.99997919797897, 3.3821832053776e-12, 0, 1.0487738455467e-09, 3.3821832053776e-12, 1, 0, 0, 0, 0, 1, },
		{ 0.99999177455902, 0.0040538432076573, -6.6045491298183e-10, 0, -0.0040538432076573, 0.99999177455902, 1.335820343229e-12, 0, 6.6045502400414e-10, 1.3500311979442e-12, 1, 0, 0, 0, 0, 1, },
		{ 0.99999725818634, 0.0023459778167307, -3.8220832054847e-10, 0, -0.0023459778167307, 0.99999725818634, 4.4053649617126e-13, 0, 3.822082927929e-10, 4.5474735088646e-13, 1, 0, 0, 0, 0, 1, },
		{ 0.99999922513962, 0.0012011389480904, -1.9569038056666e-10, 0, -0.0012011389480904, 0.99999922513962, 1.1368683772162e-13, 0, 1.9569038056666e-10, 1.2789769243682e-13, 1, 0, 0, 0, 0, 1, },
		{ 0.99999988079071, 0.00050673208897933, -8.2557141678485e-11, 0, -0.00050673208897933, 0.99999988079071, 1.4210854715202e-14, 0, 8.2557134739591e-11, 2.8421709430404e-14, 1, 0, 0, 0, 0, 1, },
		{ 1, 0.00015013945812825, -2.4460825726047e-11, 0, -0.00015013945812825, 1, 0, 0, 2.4460825726047e-11, 1.4210854715202e-14, 1, 0, 0, 0, 0, 1, },
		{ 1, 1.8768014342641e-05, -3.0576977581853e-12, 0, -1.8768014342641e-05, 1, 0, 0, 3.0576975413449e-12, 0, 1, 0, 0, 0, 0, 1, },
		{ 1, 0, 0, 0, 0, 1, 0, 0, 0, 0, 1, 0, 0, 0, 0, 1, },
	},
}
end
